31 1 1
4 104 1
1 105 1
13 105 1
31 105 1
32 105 1
4 105 1
8 105 1
30 106 1
31 106 1
4 106 1
4 109 1
24 11 1
4 11 1
41 11 1
4 112 1
31 114 1
32 114 1
4 114 1
8 114 1
31 115 1
32 115 1
8 115 1
32 119 1
4 119 1
8 119 1
13 125 1
31 125 1
32 125 1
4 125 1
8 125 1
31 126 1
4 126 1
8 126 1
30 13 1
4 13 1
24 172 1
21 174 1
24 175 1
30 180 1
24 181 1
4 181 1
30 182 1
24 184 1
24 185 1
4 186 1
32 187 1
8 187 1
4 188 1
24 189 1
4 191 1
30 192 1
1 193 1
32 194 1
8 194 1
4 197 1
32 202 1
4 202 1
32 203 1
4 207 1
32 225 1
31 23 1
24 242 1
4 242 1
24 243 1
32 245 1
31 246 1
32 246 1
31 248 1
30 250 1
32 250 1
8 29 1
1 32 1
30 32 1
8 32 1
30 45 1
13 47 1
21 47 1
4 47 1
30 52 1
4 52 1
24 61 1
