6 103 1
23 105 1
31 105 2
38 105 1
4 105 4
5 105 2
6 105 9
24 106 1
32 106 1
38 106 1
4 106 8
6 106 4
64 106 1
7 106 7
7 109 1
41 11 1
5 11 2
64 11 2
5 112 1
32 114 2
4 114 7
6 114 1
7 114 4
31 115 1
5 125 1
6 125 1
7 125 1
8 125 2
23 126 1
31 126 1
38 126 8
4 126 2
7 126 3
22 13 1
24 13 4
4 13 1
64 13 4
7 13 1
5 14 1
6 14 2
6 16 1
64 172 1
5 176 1
64 176 3
7 176 1
6 177 4
7 177 1
64 184 2
7 184 1
32 185 2
5 185 1
6 185 2
32 186 1
23 187 1
32 187 4
5 187 1
7 187 2
6 192 1
7 193 4
32 194 1
24 196 1
4 196 3
7 196 1
4 201 1
7 202 2
6 204 1
7 205 1
6 206 2
4 207 2
7 207 4
4 223 1
6 229 1
18 23 2
64 23 1
64 231 1
31 247 2
6 248 1
22 249 3
6 254 1
7 47 1
4 52 7
5 52 1
7 56 1
6 61 1
24 79 1
