4 104 1
1 105 1
13 105 1
31 105 3
32 105 4
4 105 8
8 105 2
30 106 1
31 106 1
4 106 9
4 109 1
24 11 15
4 112 2
4 11 4
41 11 1
31 114 1
32 114 5
4 114 13
8 114 9
31 115 2
32 115 2
8 115 4
32 119 2
4 119 1
8 119 1
13 125 2
31 125 2
32 125 4
4 125 3
8 125 1
31 126 2
4 126 1
8 126 1
31 1 1
30 13 4
4 13 4
24 172 2
21 174 1
24 175 2
30 180 2
24 181 1
4 181 1
30 182 1
24 184 3
24 185 1
4 186 1
32 187 4
8 187 1
4 188 1
24 189 1
4 191 1
30 192 3
1 193 1
32 194 1
8 194 1
4 197 2
32 202 1
4 202 1
32 203 1
4 207 3
32 225 2
31 23 1
24 242 1
4 242 1
24 243 1
32 245 1
31 246 1
32 246 1
31 248 1
30 250 1
32 250 1
8 29 1
1 32 1
30 32 1
8 32 1
30 45 2
13 47 2
21 47 1
4 47 2
30 52 1
4 52 4
24 61 1
