6 103 1
23 105 1
31 105 1
38 105 1
4 105 1
5 105 1
6 105 1
24 106 1
32 106 1
38 106 1
4 106 1
6 106 1
64 106 1
7 106 1
7 109 1
41 11 1
5 11 1
64 11 1
5 112 1
32 114 1
4 114 1
6 114 1
7 114 1
31 115 1
5 125 1
6 125 1
7 125 1
8 125 1
23 126 1
31 126 1
38 126 1
4 126 1
7 126 1
22 13 1
24 13 1
4 13 1
64 13 1
7 13 1
5 14 1
6 14 1
6 16 1
64 172 1
5 176 1
64 176 1
7 176 1
6 177 1
7 177 1
64 184 1
7 184 1
32 185 1
5 185 1
6 185 1
32 186 1
23 187 1
32 187 1
5 187 1
7 187 1
6 192 1
7 193 1
32 194 1
24 196 1
4 196 1
7 196 1
4 201 1
7 202 1
6 204 1
7 205 1
6 206 1
4 207 1
7 207 1
4 223 1
6 229 1
18 23 1
64 23 1
64 231 1
31 247 1
6 248 1
22 249 1
6 254 1
7 47 1
4 52 1
5 52 1
7 56 1
6 61 1
24 79 1
