A
2
197122
131840
787
10
14
1
33
10
1
0
14
35
8
9
10
11
12
9
13
9
14
15
8
16
17
18
19
20
21
22
14
23
24
11
25
26
27
28
17
29
13
30
31
32
22
11
14
14
35
0
0
0
0
1
1
1
2
2
3
3
3
3
3
3
3
3
3
3
3
3
4
5
6
6
7
7
7
7
7
7
7
7
7
7
14
35
0
10
1
5
7
2
3
21
33
4
6
28
8
18
34
9
11
12
26
13
14
15
16
17
32
19
20
22
23
24
25
27
29
30
31
14
35
0
1
2
3
5
4
6
7
8
10
18
9
11
12
13
14
15
16
17
19
20
21
22
23
24
33
28
34
26
32
25
27
29
30
31
14
34
0
0
0
0
0
0
0
0
0
2
5
6
9
10
12
15
16
17
19
20
21
22
23
25
26
27
28
29
30
31
32
33
34
35
14
34
0
4
7
9
21
22
23
25
35
35
35
35
35
35
35
35
35
35
35
35
35
35
35
35
35
35
35
35
35
35
35
35
35
35
19
4
14
3
1
0
1
531
0
1026
1
262153
5
names
16
0
254
531
2
16
33
262153
4
p_13
262153
4
p_14
262153
4
p_20
262153
4
p_25
262153
4
p_28
262153
3
p_3
262153
4
p_31
262153
4
p_32
262153
5
i_109
262153
5
i_126
262153
5
i_207
262153
4
i_29
262153
5
i_125
262153
5
i_204
262153
4
i_35
262153
5
i_106
262153
4
i_11
262153
4
i_13
262153
5
i_213
262153
5
i_216
262153
5
i_217
262153
5
i_252
262153
4
i_26
262153
4
i_39
262153
4
i_52
262153
5
i_209
262153
5
i_188
262153
4
i_33
262153
5
i_105
262153
5
i_167
262153
5
i_230
262153
5
i_231
262153
5
i_248
16
33
262153
3
pla
262153
3
pla
262153
3
pla
262153
3
pla
262153
3
pla
262153
3
pla
262153
3
pla
262153
3
pla
262153
3
pol
262153
3
pol
262153
3
pol
262153
3
pol
262153
3
pol
262153
3
pol
262153
3
pol
262153
3
pol
262153
3
pol
262153
3
pol
262153
3
pol
262153
3
pol
262153
3
pol
262153
3
pol
262153
3
pol
262153
3
pol
262153
3
pol
262153
3
pol
262153
3
pol
262153
3
pol
262153
3
pol
262153
3
pol
262153
3
pol
262153
3
pol
262153
3
pol
1026
511
16
2
262153
4
name
262153
4
type
254
531
1
13
35
1
3
2
1
1
9
1
1
1
2
2
1
19
1
3
2
7
3
1
2
6
3
1
1
1
1
1
2
3
1
1
6
3
1
3
1026
511
16
1
262153
6
weight
254
4
0
254
1026
1
262153
20
.__igraph_version__.
16
1
262153
5
0.8.0
1026
1
262153
4
myid
16
1
262153
36
8e6a0a88-6ec3-45a8-881a-b77f932492ec
254
254
254
1026
1
262153
5
class
16
1
262153
6
igraph
254
