A
2
197120
131840
787
10
14
1
35
10
1
0
14
42
10
11
12
13
14
15
16
17
16
18
19
20
12
21
22
19
20
14
23
18
24
25
26
27
12
13
28
29
14
21
30
31
32
19
20
33
30
31
22
10
34
27
14
42
0
0
1
1
1
1
1
1
2
3
4
4
4
4
4
5
5
5
5
5
5
5
5
5
6
6
6
6
6
6
7
8
9
9
9
9
9
9
9
9
9
9
14
42
0
39
1
2
12
24
3
25
4
17
28
5
6
8
7
9
19
10
15
33
11
16
34
13
29
14
38
18
20
21
22
23
41
26
27
30
36
31
37
32
35
40
14
42
0
1
2
3
4
5
6
7
8
9
12
10
11
13
14
17
19
15
16
18
20
21
22
23
24
25
28
29
26
27
30
31
39
33
34
38
41
36
37
32
35
40
14
36
0
0
0
0
0
0
0
0
0
0
0
2
3
6
8
11
12
14
15
17
20
23
25
27
28
29
30
31
33
34
35
37
39
40
41
42
14
36
0
2
8
9
10
15
24
30
31
32
42
42
42
42
42
42
42
42
42
42
42
42
42
42
42
42
42
42
42
42
42
42
42
42
42
42
19
4
14
3
1
0
1
531
0
1026
1
262153
5
names
16
0
254
531
2
16
35
262153
4
p_18
262153
4
p_24
262153
4
p_31
262153
4
p_32
262153
3
p_5
262153
3
p_6
262153
4
p_64
262153
4
p_65
262153
4
p_67
262153
3
p_7
262153
5
i_205
262153
4
i_23
262153
4
i_11
262153
4
i_13
262153
5
i_177
262153
5
i_220
262153
5
i_248
262153
4
i_79
262153
5
i_187
262153
5
i_105
262153
5
i_106
262153
5
i_185
262153
5
i_201
262153
5
i_184
262153
5
i_192
262153
5
i_204
262153
5
i_254
262153
4
i_47
262153
5
i_174
262153
5
i_175
262153
5
i_193
262153
5
i_198
262153
5
i_104
262153
4
i_16
262153
5
i_207
16
35
262153
3
pla
262153
3
pla
262153
3
pla
262153
3
pla
262153
3
pla
262153
3
pla
262153
3
pla
262153
3
pla
262153
3
pla
262153
3
pla
262153
3
pol
262153
3
pol
262153
3
pol
262153
3
pol
262153
3
pol
262153
3
pol
262153
3
pol
262153
3
pol
262153
3
pol
262153
3
pol
262153
3
pol
262153
3
pol
262153
3
pol
262153
3
pol
262153
3
pol
262153
3
pol
262153
3
pol
262153
3
pol
262153
3
pol
262153
3
pol
262153
3
pol
262153
3
pol
262153
3
pol
262153
3
pol
262153
3
pol
1026
511
16
2
262153
4
name
262153
4
type
254
531
1
13
42
1
1
2
7
2
1
1
1
1
1
1
3
2
3
1
12
5
1
1
4
1
1
1
3
1
9
1
1
3
1
1
1
1
1
2
1
1
1
1
2
1
2
1026
511
16
1
262153
6
weight
254
4
0
254
1026
1
262153
20
.__igraph_version__.
16
1
262153
5
0.8.0
1026
1
262153
4
myid
16
1
262153
36
4874b670-9084-4874-b20b-1eb799394a50
254
254
254
1026
1
262153
5
class
16
1
262153
6
igraph
254
