A
2
197122
131840
787
10
14
1
57
10
1
0
14
85
14
15
16
17
18
19
20
15
21
22
17
23
18
24
20
25
26
27
19
28
17
20
18
17
20
25
18
15
21
29
30
31
32
33
17
33
34
35
36
37
26
19
32
38
17
20
25
35
36
39
40
26
41
42
43
44
45
46
47
20
33
15
48
37
49
14
50
20
51
25
35
18
15
37
40
49
19
52
21
53
54
30
55
56
35
14
85
0
1
1
2
2
2
3
3
3
3
4
4
4
4
5
5
5
5
5
5
6
6
6
7
7
7
7
7
7
7
7
7
7
8
9
9
9
9
9
9
9
9
9
10
10
10
10
10
10
10
10
10
10
10
10
10
10
10
10
11
11
11
11
11
11
11
11
12
12
12
12
12
12
12
12
12
12
12
12
12
12
12
12
12
13
14
85
0
65
1
7
27
61
72
2
3
10
20
23
34
44
4
12
22
26
71
5
18
41
76
6
14
21
24
45
59
67
8
28
78
9
11
13
15
25
46
69
16
40
51
17
19
29
30
81
31
32
42
33
35
60
36
37
47
70
84
38
48
39
63
73
43
49
50
74
52
53
54
55
56
57
58
62
64
75
66
68
77
79
80
82
83
14
85
0
1
2
3
4
5
7
6
8
9
10
12
11
13
18
14
15
16
17
19
20
22
21
27
23
26
24
28
25
29
30
31
32
33
34
41
40
42
35
36
37
38
39
44
45
46
51
47
48
43
49
50
52
53
54
55
56
57
58
65
61
59
60
63
62
64
66
72
71
76
67
78
69
81
70
73
74
75
68
77
79
80
82
83
84
14
58
0
0
0
0
0
0
0
0
0
0
0
0
0
0
0
2
7
8
14
19
23
30
33
34
35
36
40
43
44
45
46
48
49
51
54
55
59
61
64
65
66
68
69
70
71
72
73
74
75
76
78
79
80
81
82
83
84
85
14
58
0
1
3
6
10
14
20
23
33
34
43
59
67
84
85
85
85
85
85
85
85
85
85
85
85
85
85
85
85
85
85
85
85
85
85
85
85
85
85
85
85
85
85
85
85
85
85
85
85
85
85
85
85
85
85
85
85
85
19
4
14
3
1
0
1
531
0
1026
1
262153
5
names
16
0
254
531
2
16
57
262153
4
p_18
262153
4
p_22
262153
4
p_23
262153
4
p_24
262153
4
p_31
262153
4
p_32
262153
4
p_38
262153
3
p_4
262153
4
p_41
262153
3
p_5
262153
3
p_6
262153
4
p_64
262153
3
p_7
262153
3
p_8
262153
4
i_23
262153
4
i_13
262153
5
i_249
262153
5
i_105
262153
5
i_126
262153
5
i_187
262153
5
i_106
262153
5
i_196
262153
4
i_79
262153
5
i_115
262153
5
i_247
262153
5
i_114
262153
5
i_185
262153
5
i_186
262153
5
i_194
262153
5
i_201
262153
5
i_207
262153
5
i_223
262153
4
i_52
262153
4
i_11
262153
5
i_112
262153
5
i_125
262153
4
i_14
262153
5
i_176
262153
5
i_103
262153
4
i_16
262153
5
i_177
262153
5
i_192
262153
5
i_204
262153
5
i_206
262153
5
i_229
262153
5
i_248
262153
5
i_254
262153
4
i_61
262153
5
i_172
262153
5
i_184
262153
5
i_231
262153
5
i_109
262153
5
i_193
262153
5
i_202
262153
5
i_205
262153
4
i_47
262153
4
i_56
16
57
262153
3
pla
262153
3
pla
262153
3
pla
262153
3
pla
262153
3
pla
262153
3
pla
262153
3
pla
262153
3
pla
262153
3
pla
262153
3
pla
262153
3
pla
262153
3
pla
262153
3
pla
262153
3
pla
262153
3
pol
262153
3
pol
262153
3
pol
262153
3
pol
262153
3
pol
262153
3
pol
262153
3
pol
262153
3
pol
262153
3
pol
262153
3
pol
262153
3
pol
262153
3
pol
262153
3
pol
262153
3
pol
262153
3
pol
262153
3
pol
262153
3
pol
262153
3
pol
262153
3
pol
262153
3
pol
262153
3
pol
262153
3
pol
262153
3
pol
262153
3
pol
262153
3
pol
262153
3
pol
262153
3
pol
262153
3
pol
262153
3
pol
262153
3
pol
262153
3
pol
262153
3
pol
262153
3
pol
262153
3
pol
262153
3
pol
262153
3
pol
262153
3
pol
262153
3
pol
262153
3
pol
262153
3
pol
262153
3
pol
262153
3
pol
262153
3
pol
1026
511
16
2
262153
4
name
262153
4
type
254
531
1
13
85
2
1
3
1
1
1
1
4
1
1
2
1
1
2
1
2
2
1
4
1
1
1
8
4
8
7
2
1
3
1
2
1
7
1
2
2
1
1
1
1
1
1
1
1
9
4
1
1
2
1
4
2
1
1
2
1
1
1
1
1
2
4
1
3
2
1
1
7
1
4
1
3
1
1
1
1
2
4
1
2
1
4
1
1
2
1026
511
16
1
262153
6
weight
254
4
0
254
1026
1
262153
20
.__igraph_version__.
16
1
262153
5
0.8.0
1026
1
262153
4
myid
16
1
262153
36
f27588b5-ac21-4840-858b-12aaa5fd3ae6
254
254
254
1026
1
262153
5
class
16
1
262153
6
igraph
254
