A
2
197120
131840
787
10
14
1
40
10
1
0
14
48
10
11
12
13
14
15
16
17
18
19
20
14
21
22
22
23
24
25
26
27
10
11
12
20
24
14
28
25
29
30
31
11
12
20
13
14
32
33
21
34
35
36
37
38
14
21
12
39
14
48
0
1
1
1
1
1
1
1
1
1
2
2
2
2
3
4
5
5
5
5
5
6
6
6
6
6
6
6
6
6
6
7
7
7
7
7
7
7
7
7
7
7
7
7
8
8
9
9
14
48
0
20
1
21
31
2
22
32
46
3
34
4
11
25
35
44
5
6
7
8
9
10
23
33
12
38
45
13
14
15
16
24
17
27
18
19
26
28
29
30
36
37
39
40
41
42
43
47
14
48
0
1
2
3
4
5
6
7
8
9
11
10
12
13
14
15
20
16
17
18
19
21
22
25
23
24
27
26
28
29
30
31
32
34
35
33
38
36
37
39
40
41
42
43
44
45
46
47
14
41
0
0
0
0
0
0
0
0
0
0
0
2
5
9
11
16
17
18
19
20
21
24
27
29
30
32
34
35
36
37
38
39
40
41
42
43
44
45
46
47
48
14
41
0
1
10
14
15
16
21
31
44
46
48
48
48
48
48
48
48
48
48
48
48
48
48
48
48
48
48
48
48
48
48
48
48
48
48
48
48
48
48
48
48
19
4
14
3
1
0
1
531
0
1026
1
262153
5
names
16
0
254
531
2
16
40
262153
4
p_18
262153
4
p_22
262153
4
p_24
262153
4
p_26
262153
4
p_31
262153
4
p_32
262153
3
p_5
262153
3
p_6
262153
4
p_64
262153
3
p_7
262153
4
i_23
262153
5
i_105
262153
5
i_106
262153
5
i_126
262153
4
i_13
262153
5
i_198
262153
5
i_217
262153
5
i_243
262153
5
i_253
262153
4
i_52
262153
4
i_11
262153
5
i_177
262153
4
i_56
262153
4
i_26
262153
5
i_114
262153
5
i_185
262153
5
i_187
262153
5
i_205
262153
5
i_182
262153
5
i_199
262153
5
i_200
262153
5
i_202
262153
4
i_14
262153
5
i_175
262153
5
i_207
262153
5
i_231
262153
5
i_246
262153
4
i_35
262153
4
i_37
262153
5
i_186
16
40
262153
3
pla
262153
3
pla
262153
3
pla
262153
3
pla
262153
3
pla
262153
3
pla
262153
3
pla
262153
3
pla
262153
3
pla
262153
3
pla
262153
3
pol
262153
3
pol
262153
3
pol
262153
3
pol
262153
3
pol
262153
3
pol
262153
3
pol
262153
3
pol
262153
3
pol
262153
3
pol
262153
3
pol
262153
3
pol
262153
3
pol
262153
3
pol
262153
3
pol
262153
3
pol
262153
3
pol
262153
3
pol
262153
3
pol
262153
3
pol
262153
3
pol
262153
3
pol
262153
3
pol
262153
3
pol
262153
3
pol
262153
3
pol
262153
3
pol
262153
3
pol
262153
3
pol
262153
3
pol
1026
511
16
2
262153
4
name
262153
4
type
254
531
1
13
48
3
2
4
1
1
3
1
1
1
1
1
5
1
2
1
2
1
5
1
1
1
2
2
3
1
2
1
3
1
2
2
9
1
2
3
2
1
3
1
1
2
1
2
1
2
1
2
1
1026
511
16
1
262153
6
weight
254
4
0
254
1026
1
262153
20
.__igraph_version__.
16
1
262153
5
0.8.0
1026
1
262153
4
myid
16
1
262153
36
4dae7969-7080-40bd-8b41-d96dead5c4a8
254
254
254
1026
1
262153
5
class
16
1
262153
6
igraph
254
