A
2
197120
131840
787
10
14
1
38
10
1
0
14
61
11
12
13
14
15
16
17
18
19
20
21
22
23
24
13
16
25
14
26
27
28
29
14
16
13
14
15
22
30
26
16
23
31
32
20
13
14
15
22
23
27
33
11
14
15
28
33
25
23
34
13
14
15
35
30
23
27
28
36
31
37
14
61
0
0
1
1
1
1
1
1
1
1
1
2
2
2
3
3
3
4
4
4
4
4
5
5
6
6
6
6
6
6
6
6
6
6
6
7
7
7
7
7
7
7
7
8
8
8
8
8
9
9
10
10
10
10
10
10
10
10
10
10
10
14
61
0
42
1
2
14
24
35
50
3
17
22
25
36
43
51
4
26
37
44
52
5
15
23
30
6
7
8
9
34
10
11
27
38
12
31
39
48
55
13
16
47
18
29
19
40
56
20
45
57
21
28
54
32
59
33
41
46
49
53
58
60
14
61
0
1
2
3
4
5
6
7
8
9
10
11
12
13
14
15
16
17
18
19
20
21
22
23
24
25
26
30
34
27
31
29
28
32
33
42
35
36
37
38
39
40
41
43
44
47
45
46
48
49
50
51
52
55
56
57
54
59
53
58
60
14
39
0
0
0
0
0
0
0
0
0
0
0
0
2
3
8
15
20
24
25
26
27
29
30
33
38
39
41
43
46
49
50
52
54
55
57
58
59
60
61
14
39
0
2
11
14
17
22
24
35
43
48
50
61
61
61
61
61
61
61
61
61
61
61
61
61
61
61
61
61
61
61
61
61
61
61
61
61
61
61
61
19
4
14
3
1
0
1
531
0
1026
1
262153
5
names
16
0
254
531
2
16
38
262153
4
p_18
262153
4
p_22
262153
4
p_24
262153
4
p_31
262153
4
p_32
262153
4
p_38
262153
3
p_4
262153
3
p_5
262153
3
p_6
262153
4
p_64
262153
3
p_7
262153
5
i_205
262153
4
i_23
262153
5
i_104
262153
5
i_105
262153
5
i_106
262153
5
i_126
262153
4
i_16
262153
5
i_198
262153
5
i_253
262153
4
i_52
262153
4
i_76
262153
4
i_11
262153
4
i_13
262153
4
i_56
262153
4
i_26
262153
5
i_115
262153
5
i_185
262153
5
i_187
262153
5
i_246
262153
5
i_114
262153
5
i_207
262153
5
i_241
262153
5
i_204
262153
5
i_172
262153
5
i_109
262153
5
i_188
262153
4
i_47
16
38
262153
3
pla
262153
3
pla
262153
3
pla
262153
3
pla
262153
3
pla
262153
3
pla
262153
3
pla
262153
3
pla
262153
3
pla
262153
3
pla
262153
3
pla
262153
3
pol
262153
3
pol
262153
3
pol
262153
3
pol
262153
3
pol
262153
3
pol
262153
3
pol
262153
3
pol
262153
3
pol
262153
3
pol
262153
3
pol
262153
3
pol
262153
3
pol
262153
3
pol
262153
3
pol
262153
3
pol
262153
3
pol
262153
3
pol
262153
3
pol
262153
3
pol
262153
3
pol
262153
3
pol
262153
3
pol
262153
3
pol
262153
3
pol
262153
3
pol
262153
3
pol
1026
511
16
2
262153
4
name
262153
4
type
254
531
1
13
61
1
1
1
1
1
2
1
1
1
2
1
1
3
1
2
2
1
1
2
4
1
1
1
3
1
9
3
1
2
3
4
2
3
1
3
2
1
1
1
2
2
1
1
4
4
1
2
1
1
1
3
2
3
1
3
1
3
1
1
2
1
1026
511
16
1
262153
6
weight
254
4
0
254
1026
1
262153
20
.__igraph_version__.
16
1
262153
5
0.8.0
1026
1
262153
4
myid
16
1
262153
36
562a1ae8-75f4-4a2f-ba46-a208f06cc94f
254
254
254
1026
1
262153
5
class
16
1
262153
6
igraph
254
