A
2
197122
131840
787
10
14
1
32
10
1
0
14
36
8
9
10
11
8
12
13
14
15
16
8
14
17
18
19
15
11
20
8
21
22
23
24
25
20
26
27
28
29
14
30
19
20
8
31
30
14
36
0
1
1
1
1
1
1
1
2
2
2
2
2
3
3
3
3
3
3
3
3
3
3
4
4
4
4
4
5
5
6
7
7
7
7
7
14
36
0
4
10
18
33
1
2
3
16
5
6
7
11
29
8
15
9
12
13
14
31
17
24
32
19
20
21
22
23
25
26
27
28
30
35
34
14
36
0
4
1
2
3
5
6
7
10
11
8
9
12
18
16
15
13
14
17
19
20
21
22
24
23
25
26
27
29
28
30
33
31
32
35
34
14
33
0
0
0
0
0
0
0
0
0
5
6
7
9
10
11
14
16
17
18
19
21
24
25
26
27
28
29
30
31
32
33
35
36
14
33
0
1
8
13
23
28
30
31
36
36
36
36
36
36
36
36
36
36
36
36
36
36
36
36
36
36
36
36
36
36
36
36
36
19
4
14
3
1
0
1
531
0
1026
1
262153
5
names
16
0
254
531
2
16
32
262153
4
p_13
262153
4
p_14
262153
4
p_20
262153
4
p_25
262153
4
p_27
262153
4
p_28
262153
4
p_31
262153
4
p_32
262153
5
i_204
262153
5
i_109
262153
5
i_119
262153
5
i_126
262153
5
i_212
262153
5
i_235
262153
4
i_29
262153
5
i_125
262153
5
i_162
262153
4
i_39
262153
5
i_103
262153
5
i_106
262153
4
i_13
262153
5
i_216
262153
4
i_26
262153
4
i_35
262153
4
i_52
262153
5
i_123
262153
5
i_242
262153
4
i_56
262153
4
i_72
262153
5
i_213
262153
5
i_248
262153
5
i_222
16
32
262153
3
pla
262153
3
pla
262153
3
pla
262153
3
pla
262153
3
pla
262153
3
pla
262153
3
pla
262153
3
pla
262153
3
pol
262153
3
pol
262153
3
pol
262153
3
pol
262153
3
pol
262153
3
pol
262153
3
pol
262153
3
pol
262153
3
pol
262153
3
pol
262153
3
pol
262153
3
pol
262153
3
pol
262153
3
pol
262153
3
pol
262153
3
pol
262153
3
pol
262153
3
pol
262153
3
pol
262153
3
pol
262153
3
pol
262153
3
pol
262153
3
pol
262153
3
pol
1026
511
16
2
262153
4
name
262153
4
type
254
531
1
13
36
1
3
6
5
4
1
2
3
2
1
2
3
1
17
3
1
3
11
1
10
2
1
8
1
7
1
1
1
1
1
1
1
2
1
2
1
1026
511
16
1
262153
6
weight
254
4
0
254
1026
1
262153
20
.__igraph_version__.
16
1
262153
5
0.8.0
1026
1
262153
4
myid
16
1
262153
36
91b77ab9-7366-42f6-ae71-8e39a82565f8
254
254
254
1026
1
262153
5
class
16
1
262153
6
igraph
254
