A
2
197120
131840
787
10
14
1
30
10
1
0
14
32
9
10
11
12
13
11
12
14
15
16
17
18
10
13
11
17
19
20
21
14
22
23
24
25
9
26
13
11
19
27
28
29
14
32
0
0
0
0
1
1
1
2
3
3
4
4
5
5
5
5
5
5
5
5
5
5
5
6
7
8
8
8
8
8
8
8
14
32
0
24
1
12
2
5
14
27
3
6
4
13
26
7
19
8
9
10
15
11
16
28
17
18
20
21
22
23
25
29
30
31
14
32
0
1
2
3
5
6
4
7
8
9
10
11
12
14
13
19
15
16
17
18
20
21
22
23
24
27
26
28
25
29
30
31
14
31
0
0
0
0
0
0
0
0
0
0
2
4
8
10
13
15
16
17
19
20
22
23
24
25
26
27
28
29
30
31
32
14
31
0
4
7
8
10
12
23
24
25
32
32
32
32
32
32
32
32
32
32
32
32
32
32
32
32
32
32
32
32
32
32
19
4
14
3
1
0
1
531
0
1026
1
262153
5
names
16
0
254
531
2
16
30
262153
4
p_14
262153
4
p_20
262153
4
p_23
262153
4
p_26
262153
4
p_27
262153
4
p_28
262153
4
p_32
262153
4
p_38
262153
4
p_66
262153
5
i_109
262153
5
i_119
262153
5
i_126
262153
5
i_167
262153
5
i_125
262153
5
i_221
262153
5
i_217
262153
4
i_35
262153
4
i_13
262153
5
i_242
262153
5
i_204
262153
5
i_213
262153
5
i_218
262153
5
i_224
262153
4
i_28
262153
4
i_52
262153
5
i_188
262153
5
i_123
262153
5
i_219
262153
4
i_39
262153
4
i_45
16
30
262153
3
pla
262153
3
pla
262153
3
pla
262153
3
pla
262153
3
pla
262153
3
pla
262153
3
pla
262153
3
pla
262153
3
pla
262153
3
pol
262153
3
pol
262153
3
pol
262153
3
pol
262153
3
pol
262153
3
pol
262153
3
pol
262153
3
pol
262153
3
pol
262153
3
pol
262153
3
pol
262153
3
pol
262153
3
pol
262153
3
pol
262153
3
pol
262153
3
pol
262153
3
pol
262153
3
pol
262153
3
pol
262153
3
pol
262153
3
pol
1026
511
16
2
262153
4
name
262153
4
type
254
531
1
13
32
15
2
12
1
3
3
1
1
1
1
1
1
1
1
1
1
1
1
1
2
2
1
1
1
3
1
1
4
5
1
2
1
1026
511
16
1
262153
6
weight
254
4
0
254
1026
1
262153
20
.__igraph_version__.
16
1
262153
5
0.8.0
1026
1
262153
4
myid
16
1
262153
36
b561ba45-e8e4-478f-8791-527c1df423d9
254
254
254
1026
1
262153
5
class
16
1
262153
6
igraph
254
