A
2
197122
131840
787
10
14
1
37
10
1
0
14
42
9
10
11
12
13
14
15
16
17
18
19
20
14
14
21
22
23
9
24
12
14
25
26
27
28
20
29
22
30
28
31
32
13
33
28
22
15
33
34
35
36
28
14
42
0
0
0
0
0
0
0
0
0
0
0
0
1
2
2
3
3
3
3
3
3
3
3
3
3
3
3
4
4
4
4
4
5
5
5
6
7
7
7
7
7
8
14
42
0
17
1
2
3
19
4
32
5
12
13
20
6
36
7
8
9
10
11
25
14
15
27
35
16
18
21
22
23
24
29
34
41
26
28
30
31
33
37
38
39
40
14
42
0
1
2
3
4
5
6
7
8
9
10
11
12
13
14
17
19
20
25
15
16
18
21
22
23
24
26
27
29
28
30
31
32
34
33
35
36
37
38
39
40
41
14
38
0
0
0
0
0
0
0
0
0
0
2
3
4
6
8
12
14
15
16
17
18
20
21
24
25
26
27
28
29
33
34
35
36
37
39
40
41
42
14
38
0
12
13
15
27
32
35
36
41
42
42
42
42
42
42
42
42
42
42
42
42
42
42
42
42
42
42
42
42
42
42
42
42
42
42
42
42
42
19
4
14
3
1
0
1
531
0
1026
1
262153
5
names
16
0
254
531
2
16
37
262153
4
p_14
262153
4
p_16
262153
4
p_20
262153
4
p_25
262153
4
p_26
262153
4
p_28
262153
4
p_32
262153
4
p_66
262153
4
p_70
262153
5
i_109
262153
5
i_112
262153
5
i_114
262153
5
i_119
262153
5
i_123
262153
5
i_125
262153
5
i_126
262153
5
i_159
262153
5
i_167
262153
3
i_2
262153
5
i_214
262153
4
i_34
262153
4
i_75
262153
5
i_103
262153
5
i_106
262153
4
i_11
262153
4
i_13
262153
5
i_213
262153
5
i_216
262153
5
i_217
262153
4
i_52
262153
5
i_182
262153
5
i_236
262153
5
i_244
262153
5
i_204
262153
5
i_211
262153
4
i_29
262153
4
i_45
16
37
262153
3
pla
262153
3
pla
262153
3
pla
262153
3
pla
262153
3
pla
262153
3
pla
262153
3
pla
262153
3
pla
262153
3
pla
262153
3
pol
262153
3
pol
262153
3
pol
262153
3
pol
262153
3
pol
262153
3
pol
262153
3
pol
262153
3
pol
262153
3
pol
262153
3
pol
262153
3
pol
262153
3
pol
262153
3
pol
262153
3
pol
262153
3
pol
262153
3
pol
262153
3
pol
262153
3
pol
262153
3
pol
262153
3
pol
262153
3
pol
262153
3
pol
262153
3
pol
262153
3
pol
262153
3
pol
262153
3
pol
262153
3
pol
262153
3
pol
1026
511
16
2
262153
4
name
262153
4
type
254
531
1
13
42
10
1
1
5
1
2
2
1
2
1
1
1
1
2
1
3
1
2
1
2
1
3
1
2
3
1
4
5
1
1
1
1
1
1
1
1
2
1
1
2
1
1
1026
511
16
1
262153
6
weight
254
4
0
254
1026
1
262153
20
.__igraph_version__.
16
1
262153
5
0.8.0
1026
1
262153
4
myid
16
1
262153
36
7816361d-7f50-4dea-b7a0-ab3527a64ed0
254
254
254
1026
1
262153
5
class
16
1
262153
6
igraph
254
