A
2
197121
131840
531
12
787
10
14
1
35
10
1
0
14
40
9
10
11
12
13
9
14
15
16
17
18
19
20
21
22
23
24
25
9
14
26
27
28
13
29
11
10
11
9
30
31
32
9
11
12
30
31
10
33
34
14
40
0
0
1
1
2
3
3
3
3
3
3
3
3
3
3
3
3
3
4
4
4
4
4
4
4
5
5
6
6
6
6
6
7
8
8
8
8
8
8
8
14
40
0
5
18
28
32
1
26
37
2
25
27
33
3
34
4
23
6
19
7
8
9
10
11
12
13
14
15
16
17
20
21
22
24
29
35
30
36
31
38
39
14
40
0
1
2
3
4
5
6
7
8
9
10
11
12
13
14
15
16
17
18
23
19
20
21
22
24
26
25
28
27
29
30
31
32
37
33
34
35
36
38
39
14
36
0
0
0
0
0
0
0
0
0
0
5
8
12
14
16
18
19
20
21
22
23
24
25
26
27
28
29
30
31
32
33
35
37
38
39
40
14
36
0
2
4
5
18
25
27
32
33
40
40
40
40
40
40
40
40
40
40
40
40
40
40
40
40
40
40
40
40
40
40
40
40
40
40
40
19
4
14
3
1
0
1
531
0
1026
1
262153
5
names
16
0
254
531
2
16
35
262153
3
p_1
262153
4
p_13
262153
4
p_21
262153
4
p_24
262153
4
p_30
262153
4
p_31
262153
4
p_32
262153
4
p_41
262153
3
p_8
262153
4
i_11
262153
5
i_125
262153
5
i_105
262153
5
i_112
262153
4
i_45
262153
4
i_13
262153
5
i_175
262153
5
i_181
262153
5
i_182
262153
5
i_184
262153
5
i_186
262153
5
i_190
262153
5
i_206
262153
5
i_210
262153
5
i_217
262153
5
i_242
262153
4
i_79
262153
5
i_179
262153
5
i_192
262153
5
i_195
262153
4
i_61
262153
5
i_114
262153
5
i_115
262153
5
i_248
262153
5
i_185
262153
5
i_187
16
35
262153
3
pla
262153
3
pla
262153
3
pla
262153
3
pla
262153
3
pla
262153
3
pla
262153
3
pla
262153
3
pla
262153
3
pla
262153
3
pol
262153
3
pol
262153
3
pol
262153
3
pol
262153
3
pol
262153
3
pol
262153
3
pol
262153
3
pol
262153
3
pol
262153
3
pol
262153
3
pol
262153
3
pol
262153
3
pol
262153
3
pol
262153
3
pol
262153
3
pol
262153
3
pol
262153
3
pol
262153
3
pol
262153
3
pol
262153
3
pol
262153
3
pol
262153
3
pol
262153
3
pol
262153
3
pol
262153
3
pol
1026
511
16
2
262153
4
name
262153
4
type
254
531
1
13
40
1
1
1
1
1
12
1
1
3
4
5
1
1
1
1
1
1
1
1
2
1
1
1
2
1
1
1
3
1
2
2
1
2
1
1
2
1
2
2
1
1026
511
16
1
262153
6
weight
254
4
0
254
1026
1
262153
2
me
787
10
14
1
35
10
1
0
14
40
9
10
11
12
13
9
14
15
16
17
18
19
20
21
22
23
24
25
9
14
26
27
28
13
29
11
10
11
9
30
31
32
9
11
12
30
31
10
33
34
14
40
0
0
1
1
2
3
3
3
3
3
3
3
3
3
3
3
3
3
4
4
4
4
4
4
4
5
5
6
6
6
6
6
7
8
8
8
8
8
8
8
14
40
0
5
18
28
32
1
26
37
2
25
27
33
3
34
4
23
6
19
7
8
9
10
11
12
13
14
15
16
17
20
21
22
24
29
35
30
36
31
38
39
14
40
0
1
2
3
4
5
6
7
8
9
10
11
12
13
14
15
16
17
18
23
19
20
21
22
24
26
25
28
27
29
30
31
32
37
33
34
35
36
38
39
14
36
0
0
0
0
0
0
0
0
0
0
5
8
12
14
16
18
19
20
21
22
23
24
25
26
27
28
29
30
31
32
33
35
37
38
39
40
14
36
0
2
4
5
18
25
27
32
33
40
40
40
40
40
40
40
40
40
40
40
40
40
40
40
40
40
40
40
40
40
40
40
40
40
40
40
19
4
14
3
1
0
1
531
0
1026
511
16
0
254
531
2
16
35
262153
3
p_1
262153
4
p_13
262153
4
p_21
262153
4
p_24
262153
4
p_30
262153
4
p_31
262153
4
p_32
262153
4
p_41
262153
3
p_8
262153
4
i_11
262153
5
i_125
262153
5
i_105
262153
5
i_112
262153
4
i_45
262153
4
i_13
262153
5
i_175
262153
5
i_181
262153
5
i_182
262153
5
i_184
262153
5
i_186
262153
5
i_190
262153
5
i_206
262153
5
i_210
262153
5
i_217
262153
5
i_242
262153
4
i_79
262153
5
i_179
262153
5
i_192
262153
5
i_195
262153
4
i_61
262153
5
i_114
262153
5
i_115
262153
5
i_248
262153
5
i_185
262153
5
i_187
16
35
262153
3
pla
262153
3
pla
262153
3
pla
262153
3
pla
262153
3
pla
262153
3
pla
262153
3
pla
262153
3
pla
262153
3
pla
262153
3
pol
262153
3
pol
262153
3
pol
262153
3
pol
262153
3
pol
262153
3
pol
262153
3
pol
262153
3
pol
262153
3
pol
262153
3
pol
262153
3
pol
262153
3
pol
262153
3
pol
262153
3
pol
262153
3
pol
262153
3
pol
262153
3
pol
262153
3
pol
262153
3
pol
262153
3
pol
262153
3
pol
262153
3
pol
262153
3
pol
262153
3
pol
262153
3
pol
262153
3
pol
1026
511
16
2
262153
4
name
262153
4
type
254
531
1
13
40
1
1
1
1
1
12
1
1
3
4
5
1
1
1
1
1
1
1
1
2
1
1
1
2
1
1
1
3
1
2
2
1
2
1
1
2
1
2
2
1
1026
511
16
1
262153
6
weight
254
767
1026
1
262153
5
class
16
1
262153
6
igraph
254
1026
1
262153
20
.__igraph_version__.
16
1
262153
5
0.8.0
1026
1
262153
4
myid
16
1
262153
36
5598bc68-2618-4646-8ea9-e6941ea05e0f
254
254
254
1026
1279
16
1
262153
6
igraph
254
787
10
14
1
57
10
1
0
14
82
10
11
12
10
13
14
15
14
16
17
18
19
20
21
22
23
24
25
26
27
28
29
30
31
12
32
33
34
10
26
35
36
13
37
38
39
40
10
35
36
41
13
42
43
44
45
46
47
39
31
48
10
26
49
16
50
35
41
13
37
27
19
51
52
53
54
44
55
23
14
33
16
10
35
36
41
13
37
42
43
56
12
14
82
0
0
0
1
1
1
2
2
3
3
3
3
3
3
3
3
3
3
4
4
4
4
4
4
4
4
4
5
5
5
5
5
5
5
5
5
5
6
6
6
6
6
6
6
6
6
6
6
6
6
7
7
7
7
7
7
7
7
7
7
7
7
7
7
7
7
7
7
7
7
7
8
9
9
9
9
9
9
9
9
9
9
14
82
0
3
28
37
51
72
1
2
24
81
4
32
41
58
76
5
7
69
6
8
54
71
9
10
11
61
12
13
14
15
68
16
17
18
29
52
19
60
20
21
22
23
49
25
26
70
27
30
38
56
73
31
39
74
33
59
77
34
35
48
36
40
57
75
42
78
43
79
44
66
45
46
47
50
53
55
62
63
64
65
67
80
14
82
0
1
2
3
4
5
7
6
8
9
10
11
12
13
14
15
16
17
24
18
19
20
21
22
23
25
26
28
32
29
27
30
31
33
34
35
36
37
41
49
38
39
48
40
42
43
44
45
46
47
51
58
69
54
61
68
52
60
70
56
59
57
66
50
53
55
62
63
64
65
67
71
72
81
76
73
74
77
75
78
79
80
14
58
0
0
0
0
0
0
0
0
0
0
0
6
7
10
15
18
19
22
23
24
26
27
28
29
31
32
33
36
38
39
40
41
43
44
46
47
51
54
57
58
60
61
64
66
68
70
71
72
73
74
75
76
77
78
79
80
81
82
14
58
0
3
6
8
18
27
37
50
71
72
82
82
82
82
82
82
82
82
82
82
82
82
82
82
82
82
82
82
82
82
82
82
82
82
82
82
82
82
82
82
82
82
82
82
82
82
82
82
82
82
82
82
82
82
82
82
82
82
19
4
14
3
1
0
1
531
0
1026
511
16
0
254
531
2
16
57
262153
3
p_1
262153
4
p_13
262153
4
p_21
262153
4
p_24
262153
4
p_30
262153
4
p_31
262153
4
p_32
262153
3
p_4
262153
4
p_41
262153
3
p_8
262153
5
i_105
262153
5
i_193
262153
4
i_32
262153
5
i_125
262153
4
i_47
262153
5
i_174
262153
4
i_11
262153
5
i_172
262153
5
i_175
262153
5
i_181
262153
5
i_184
262153
5
i_185
262153
5
i_189
262153
5
i_242
262153
5
i_243
262153
4
i_61
262153
5
i_106
262153
4
i_13
262153
5
i_180
262153
5
i_182
262153
5
i_192
262153
5
i_250
262153
4
i_45
262153
4
i_52
262153
3
i_1
262153
5
i_114
262153
5
i_115
262153
5
i_126
262153
4
i_23
262153
5
i_246
262153
5
i_248
262153
5
i_119
262153
5
i_187
262153
5
i_194
262153
5
i_202
262153
5
i_203
262153
5
i_225
262153
5
i_245
262153
5
i_104
262153
5
i_109
262153
5
i_112
262153
5
i_186
262153
5
i_188
262153
5
i_191
262153
5
i_197
262153
5
i_207
262153
4
i_29
16
57
262153
3
pla
262153
3
pla
262153
3
pla
262153
3
pla
262153
3
pla
262153
3
pla
262153
3
pla
262153
3
pla
262153
3
pla
262153
3
pla
262153
3
pol
262153
3
pol
262153
3
pol
262153
3
pol
262153
3
pol
262153
3
pol
262153
3
pol
262153
3
pol
262153
3
pol
262153
3
pol
262153
3
pol
262153
3
pol
262153
3
pol
262153
3
pol
262153
3
pol
262153
3
pol
262153
3
pol
262153
3
pol
262153
3
pol
262153
3
pol
262153
3
pol
262153
3
pol
262153
3
pol
262153
3
pol
262153
3
pol
262153
3
pol
262153
3
pol
262153
3
pol
262153
3
pol
262153
3
pol
262153
3
pol
262153
3
pol
262153
3
pol
262153
3
pol
262153
3
pol
262153
3
pol
262153
3
pol
262153
3
pol
262153
3
pol
262153
3
pol
262153
3
pol
262153
3
pol
262153
3
pol
262153
3
pol
262153
3
pol
262153
3
pol
262153
3
pol
1026
511
16
2
262153
4
name
262153
4
type
254
531
1
13
82
1
1
1
1
2
2
1
1
15
2
2
1
3
1
1
1
1
1
1
4
2
1
3
1
1
2
1
1
3
1
1
2
2
2
1
1
1
4
5
2
2
4
4
1
1
1
2
1
1
1
1
8
9
1
4
2
13
1
3
1
4
1
1
1
1
2
1
3
1
2
4
1
2
9
4
1
1
1
1
1
1
1
1026
511
16
1
262153
6
weight
254
4
0
254
1026
1023
787
10
14
1
57
10
1
0
14
82
10
11
12
10
13
14
15
14
16
17
18
19
20
21
22
23
24
25
26
27
28
29
30
31
12
32
33
34
10
26
35
36
13
37
38
39
40
10
35
36
41
13
42
43
44
45
46
47
39
31
48
10
26
49
16
50
35
41
13
37
27
19
51
52
53
54
44
55
23
14
33
16
10
35
36
41
13
37
42
43
56
12
14
82
0
0
0
1
1
1
2
2
3
3
3
3
3
3
3
3
3
3
4
4
4
4
4
4
4
4
4
5
5
5
5
5
5
5
5
5
5
6
6
6
6
6
6
6
6
6
6
6
6
6
7
7
7
7
7
7
7
7
7
7
7
7
7
7
7
7
7
7
7
7
7
8
9
9
9
9
9
9
9
9
9
9
14
82
0
3
28
37
51
72
1
2
24
81
4
32
41
58
76
5
7
69
6
8
54
71
9
10
11
61
12
13
14
15
68
16
17
18
29
52
19
60
20
21
22
23
49
25
26
70
27
30
38
56
73
31
39
74
33
59
77
34
35
48
36
40
57
75
42
78
43
79
44
66
45
46
47
50
53
55
62
63
64
65
67
80
14
82
0
1
2
3
4
5
7
6
8
9
10
11
12
13
14
15
16
17
24
18
19
20
21
22
23
25
26
28
32
29
27
30
31
33
34
35
36
37
41
49
38
39
48
40
42
43
44
45
46
47
51
58
69
54
61
68
52
60
70
56
59
57
66
50
53
55
62
63
64
65
67
71
72
81
76
73
74
77
75
78
79
80
14
58
0
0
0
0
0
0
0
0
0
0
0
6
7
10
15
18
19
22
23
24
26
27
28
29
31
32
33
36
38
39
40
41
43
44
46
47
51
54
57
58
60
61
64
66
68
70
71
72
73
74
75
76
77
78
79
80
81
82
14
58
0
3
6
8
18
27
37
50
71
72
82
82
82
82
82
82
82
82
82
82
82
82
82
82
82
82
82
82
82
82
82
82
82
82
82
82
82
82
82
82
82
82
82
82
82
82
82
82
82
82
82
82
82
82
82
82
82
82
19
4
14
3
1
0
1
531
0
1026
511
16
0
254
531
2
16
57
262153
3
p_1
262153
4
p_13
262153
4
p_21
262153
4
p_24
262153
4
p_30
262153
4
p_31
262153
4
p_32
262153
3
p_4
262153
4
p_41
262153
3
p_8
262153
5
i_105
262153
5
i_193
262153
4
i_32
262153
5
i_125
262153
4
i_47
262153
5
i_174
262153
4
i_11
262153
5
i_172
262153
5
i_175
262153
5
i_181
262153
5
i_184
262153
5
i_185
262153
5
i_189
262153
5
i_242
262153
5
i_243
262153
4
i_61
262153
5
i_106
262153
4
i_13
262153
5
i_180
262153
5
i_182
262153
5
i_192
262153
5
i_250
262153
4
i_45
262153
4
i_52
262153
3
i_1
262153
5
i_114
262153
5
i_115
262153
5
i_126
262153
4
i_23
262153
5
i_246
262153
5
i_248
262153
5
i_119
262153
5
i_187
262153
5
i_194
262153
5
i_202
262153
5
i_203
262153
5
i_225
262153
5
i_245
262153
5
i_104
262153
5
i_109
262153
5
i_112
262153
5
i_186
262153
5
i_188
262153
5
i_191
262153
5
i_197
262153
5
i_207
262153
4
i_29
16
57
262153
3
pla
262153
3
pla
262153
3
pla
262153
3
pla
262153
3
pla
262153
3
pla
262153
3
pla
262153
3
pla
262153
3
pla
262153
3
pla
262153
3
pol
262153
3
pol
262153
3
pol
262153
3
pol
262153
3
pol
262153
3
pol
262153
3
pol
262153
3
pol
262153
3
pol
262153
3
pol
262153
3
pol
262153
3
pol
262153
3
pol
262153
3
pol
262153
3
pol
262153
3
pol
262153
3
pol
262153
3
pol
262153
3
pol
262153
3
pol
262153
3
pol
262153
3
pol
262153
3
pol
262153
3
pol
262153
3
pol
262153
3
pol
262153
3
pol
262153
3
pol
262153
3
pol
262153
3
pol
262153
3
pol
262153
3
pol
262153
3
pol
262153
3
pol
262153
3
pol
262153
3
pol
262153
3
pol
262153
3
pol
262153
3
pol
262153
3
pol
262153
3
pol
262153
3
pol
262153
3
pol
262153
3
pol
262153
3
pol
262153
3
pol
262153
3
pol
1026
511
16
2
262153
4
name
262153
4
type
254
531
1
13
82
1
1
1
1
2
2
1
1
15
2
2
1
3
1
1
1
1
1
1
4
2
1
3
1
1
2
1
1
3
1
1
2
2
2
1
1
1
4
5
2
2
4
4
1
1
1
2
1
1
1
1
8
9
1
4
2
13
1
3
1
4
1
1
1
1
2
1
3
1
2
4
1
2
9
4
1
1
1
1
1
1
1
1026
511
16
1
262153
6
weight
254
2047
1026
1279
16
1
262153
6
igraph
254
1026
1535
16
1
262153
5
0.8.0
1026
1791
16
1
262153
36
afa5424c-81f4-43e2-a872-acda1baab215
254
254
254
1026
1279
16
1
262153
6
igraph
254
787
10
14
1
31
10
1
0
14
32
7
8
9
10
11
12
13
8
14
15
16
17
18
19
20
8
15
21
18
22
14
23
24
25
26
27
28
19
10
29
30
10
14
32
0
0
0
0
1
1
1
1
1
1
1
1
1
1
1
2
3
3
3
4
5
5
5
5
5
5
5
5
5
5
6
6
14
32
0
1
7
15
2
3
28
31
4
5
6
8
20
9
16
10
11
12
18
13
27
14
17
19
21
22
23
24
25
26
29
30
14
32
0
1
2
3
7
4
5
6
8
9
10
11
12
13
14
15
16
18
17
19
28
20
27
21
22
23
24
25
26
29
31
30
14
32
0
0
0
0
0
0
0
0
1
4
5
8
9
10
11
13
15
16
17
19
21
22
23
24
25
26
27
28
29
30
31
32
14
32
0
4
15
16
19
20
30
32
32
32
32
32
32
32
32
32
32
32
32
32
32
32
32
32
32
32
32
32
32
32
32
32
19
4
14
3
1
0
1
531
0
1026
511
16
0
254
531
2
16
31
262153
4
p_13
262153
4
p_14
262153
4
p_20
262153
4
p_28
262153
4
p_31
262153
4
p_32
262153
4
p_68
262153
5
i_109
262153
5
i_126
262153
5
i_207
262153
4
i_35
262153
5
i_105
262153
5
i_112
262153
5
i_119
262153
4
i_13
262153
5
i_204
262153
5
i_226
262153
5
i_227
262153
4
i_29
262153
4
i_33
262153
4
i_34
262153
4
i_26
262153
5
i_190
262153
5
i_188
262153
5
i_206
262153
5
i_215
262153
5
i_231
262153
5
i_239
262153
5
i_248
262153
4
i_52
262153
4
i_21
16
31
262153
3
pla
262153
3
pla
262153
3
pla
262153
3
pla
262153
3
pla
262153
3
pla
262153
3
pla
262153
3
pol
262153
3
pol
262153
3
pol
262153
3
pol
262153
3
pol
262153
3
pol
262153
3
pol
262153
3
pol
262153
3
pol
262153
3
pol
262153
3
pol
262153
3
pol
262153
3
pol
262153
3
pol
262153
3
pol
262153
3
pol
262153
3
pol
262153
3
pol
262153
3
pol
262153
3
pol
262153
3
pol
262153
3
pol
262153
3
pol
262153
3
pol
1026
511
16
2
262153
4
name
262153
4
type
254
531
1
13
32
1
7
1
1
2
1
3
8
1
1
2
1
5
1
1
2
1
1
2
1
2
1
1
1
1
1
5
2
2
1
2
1
1026
511
16
1
262153
6
weight
254
4
0
254
1026
1023
787
10
14
1
31
10
1
0
14
32
7
8
9
10
11
12
13
8
14
15
16
17
18
19
20
8
15
21
18
22
14
23
24
25
26
27
28
19
10
29
30
10
14
32
0
0
0
0
1
1
1
1
1
1
1
1
1
1
1
2
3
3
3
4
5
5
5
5
5
5
5
5
5
5
6
6
14
32
0
1
7
15
2
3
28
31
4
5
6
8
20
9
16
10
11
12
18
13
27
14
17
19
21
22
23
24
25
26
29
30
14
32
0
1
2
3
7
4
5
6
8
9
10
11
12
13
14
15
16
18
17
19
28
20
27
21
22
23
24
25
26
29
31
30
14
32
0
0
0
0
0
0
0
0
1
4
5
8
9
10
11
13
15
16
17
19
21
22
23
24
25
26
27
28
29
30
31
32
14
32
0
4
15
16
19
20
30
32
32
32
32
32
32
32
32
32
32
32
32
32
32
32
32
32
32
32
32
32
32
32
32
32
19
4
14
3
1
0
1
531
0
1026
511
16
0
254
531
2
16
31
262153
4
p_13
262153
4
p_14
262153
4
p_20
262153
4
p_28
262153
4
p_31
262153
4
p_32
262153
4
p_68
262153
5
i_109
262153
5
i_126
262153
5
i_207
262153
4
i_35
262153
5
i_105
262153
5
i_112
262153
5
i_119
262153
4
i_13
262153
5
i_204
262153
5
i_226
262153
5
i_227
262153
4
i_29
262153
4
i_33
262153
4
i_34
262153
4
i_26
262153
5
i_190
262153
5
i_188
262153
5
i_206
262153
5
i_215
262153
5
i_231
262153
5
i_239
262153
5
i_248
262153
4
i_52
262153
4
i_21
16
31
262153
3
pla
262153
3
pla
262153
3
pla
262153
3
pla
262153
3
pla
262153
3
pla
262153
3
pla
262153
3
pol
262153
3
pol
262153
3
pol
262153
3
pol
262153
3
pol
262153
3
pol
262153
3
pol
262153
3
pol
262153
3
pol
262153
3
pol
262153
3
pol
262153
3
pol
262153
3
pol
262153
3
pol
262153
3
pol
262153
3
pol
262153
3
pol
262153
3
pol
262153
3
pol
262153
3
pol
262153
3
pol
262153
3
pol
262153
3
pol
262153
3
pol
1026
511
16
2
262153
4
name
262153
4
type
254
531
1
13
32
1
7
1
1
2
1
3
8
1
1
2
1
5
1
1
2
1
1
2
1
2
1
1
1
1
1
5
2
2
1
2
1
1026
511
16
1
262153
6
weight
254
2303
1026
1279
16
1
262153
6
igraph
254
1026
1535
16
1
262153
5
0.8.0
1026
1791
16
1
262153
36
ccf23ccd-c721-4d03-8f0b-74f380c41eb3
254
254
254
1026
1279
16
1
262153
6
igraph
254
787
10
14
1
33
10
1
0
14
35
8
9
10
11
12
9
13
9
14
15
8
16
17
18
19
20
21
22
14
23
24
11
25
26
27
28
17
29
13
30
31
32
22
11
14
14
35
0
0
0
0
1
1
1
2
2
3
3
3
3
3
3
3
3
3
3
3
3
4
5
6
6
7
7
7
7
7
7
7
7
7
7
14
35
0
10
1
5
7
2
3
21
33
4
6
28
8
18
34
9
11
12
26
13
14
15
16
17
32
19
20
22
23
24
25
27
29
30
31
14
35
0
1
2
3
5
4
6
7
8
10
18
9
11
12
13
14
15
16
17
19
20
21
22
23
24
33
28
34
26
32
25
27
29
30
31
14
34
0
0
0
0
0
0
0
0
0
2
5
6
9
10
12
15
16
17
19
20
21
22
23
25
26
27
28
29
30
31
32
33
34
35
14
34
0
4
7
9
21
22
23
25
35
35
35
35
35
35
35
35
35
35
35
35
35
35
35
35
35
35
35
35
35
35
35
35
35
35
19
4
14
3
1
0
1
531
0
1026
511
16
0
254
531
2
16
33
262153
4
p_13
262153
4
p_14
262153
4
p_20
262153
4
p_25
262153
4
p_28
262153
3
p_3
262153
4
p_31
262153
4
p_32
262153
5
i_109
262153
5
i_126
262153
5
i_207
262153
4
i_29
262153
5
i_125
262153
5
i_204
262153
4
i_35
262153
5
i_106
262153
4
i_11
262153
4
i_13
262153
5
i_213
262153
5
i_216
262153
5
i_217
262153
5
i_252
262153
4
i_26
262153
4
i_39
262153
4
i_52
262153
5
i_209
262153
5
i_188
262153
4
i_33
262153
5
i_105
262153
5
i_167
262153
5
i_230
262153
5
i_231
262153
5
i_248
16
33
262153
3
pla
262153
3
pla
262153
3
pla
262153
3
pla
262153
3
pla
262153
3
pla
262153
3
pla
262153
3
pla
262153
3
pol
262153
3
pol
262153
3
pol
262153
3
pol
262153
3
pol
262153
3
pol
262153
3
pol
262153
3
pol
262153
3
pol
262153
3
pol
262153
3
pol
262153
3
pol
262153
3
pol
262153
3
pol
262153
3
pol
262153
3
pol
262153
3
pol
262153
3
pol
262153
3
pol
262153
3
pol
262153
3
pol
262153
3
pol
262153
3
pol
262153
3
pol
262153
3
pol
1026
511
16
2
262153
4
name
262153
4
type
254
531
1
13
35
1
3
2
1
1
9
1
1
1
2
2
1
19
1
3
2
7
3
1
2
6
3
1
1
1
1
1
2
3
1
1
6
3
1
3
1026
511
16
1
262153
6
weight
254
4
0
254
1026
1023
787
10
14
1
33
10
1
0
14
35
8
9
10
11
12
9
13
9
14
15
8
16
17
18
19
20
21
22
14
23
24
11
25
26
27
28
17
29
13
30
31
32
22
11
14
14
35
0
0
0
0
1
1
1
2
2
3
3
3
3
3
3
3
3
3
3
3
3
4
5
6
6
7
7
7
7
7
7
7
7
7
7
14
35
0
10
1
5
7
2
3
21
33
4
6
28
8
18
34
9
11
12
26
13
14
15
16
17
32
19
20
22
23
24
25
27
29
30
31
14
35
0
1
2
3
5
4
6
7
8
10
18
9
11
12
13
14
15
16
17
19
20
21
22
23
24
33
28
34
26
32
25
27
29
30
31
14
34
0
0
0
0
0
0
0
0
0
2
5
6
9
10
12
15
16
17
19
20
21
22
23
25
26
27
28
29
30
31
32
33
34
35
14
34
0
4
7
9
21
22
23
25
35
35
35
35
35
35
35
35
35
35
35
35
35
35
35
35
35
35
35
35
35
35
35
35
35
35
19
4
14
3
1
0
1
531
0
1026
511
16
0
254
531
2
16
33
262153
4
p_13
262153
4
p_14
262153
4
p_20
262153
4
p_25
262153
4
p_28
262153
3
p_3
262153
4
p_31
262153
4
p_32
262153
5
i_109
262153
5
i_126
262153
5
i_207
262153
4
i_29
262153
5
i_125
262153
5
i_204
262153
4
i_35
262153
5
i_106
262153
4
i_11
262153
4
i_13
262153
5
i_213
262153
5
i_216
262153
5
i_217
262153
5
i_252
262153
4
i_26
262153
4
i_39
262153
4
i_52
262153
5
i_209
262153
5
i_188
262153
4
i_33
262153
5
i_105
262153
5
i_167
262153
5
i_230
262153
5
i_231
262153
5
i_248
16
33
262153
3
pla
262153
3
pla
262153
3
pla
262153
3
pla
262153
3
pla
262153
3
pla
262153
3
pla
262153
3
pla
262153
3
pol
262153
3
pol
262153
3
pol
262153
3
pol
262153
3
pol
262153
3
pol
262153
3
pol
262153
3
pol
262153
3
pol
262153
3
pol
262153
3
pol
262153
3
pol
262153
3
pol
262153
3
pol
262153
3
pol
262153
3
pol
262153
3
pol
262153
3
pol
262153
3
pol
262153
3
pol
262153
3
pol
262153
3
pol
262153
3
pol
262153
3
pol
262153
3
pol
1026
511
16
2
262153
4
name
262153
4
type
254
531
1
13
35
1
3
2
1
1
9
1
1
1
2
2
1
19
1
3
2
7
3
1
2
6
3
1
1
1
1
1
2
3
1
1
6
3
1
3
1026
511
16
1
262153
6
weight
254
2559
1026
1279
16
1
262153
6
igraph
254
1026
1535
16
1
262153
5
0.8.0
1026
1791
16
1
262153
36
95fd5cba-2ceb-4212-b767-67ab164943bd
254
254
254
1026
1279
16
1
262153
6
igraph
254
787
10
14
1
35
10
1
0
14
42
10
11
12
13
14
15
16
17
16
18
19
20
12
21
22
19
20
14
23
18
24
25
26
27
12
13
28
29
14
21
30
31
32
19
20
33
30
31
22
10
34
27
14
42
0
0
1
1
1
1
1
1
2
3
4
4
4
4
4
5
5
5
5
5
5
5
5
5
6
6
6
6
6
6
7
8
9
9
9
9
9
9
9
9
9
9
14
42
0
39
1
2
12
24
3
25
4
17
28
5
6
8
7
9
19
10
15
33
11
16
34
13
29
14
38
18
20
21
22
23
41
26
27
30
36
31
37
32
35
40
14
42
0
1
2
3
4
5
6
7
8
9
12
10
11
13
14
17
19
15
16
18
20
21
22
23
24
25
28
29
26
27
30
31
39
33
34
38
41
36
37
32
35
40
14
36
0
0
0
0
0
0
0
0
0
0
0
2
3
6
8
11
12
14
15
17
20
23
25
27
28
29
30
31
33
34
35
37
39
40
41
42
14
36
0
2
8
9
10
15
24
30
31
32
42
42
42
42
42
42
42
42
42
42
42
42
42
42
42
42
42
42
42
42
42
42
42
42
42
42
19
4
14
3
1
0
1
531
0
1026
511
16
0
254
531
2
16
35
262153
4
p_18
262153
4
p_24
262153
4
p_31
262153
4
p_32
262153
3
p_5
262153
3
p_6
262153
4
p_64
262153
4
p_65
262153
4
p_67
262153
3
p_7
262153
5
i_205
262153
4
i_23
262153
4
i_11
262153
4
i_13
262153
5
i_177
262153
5
i_220
262153
5
i_248
262153
4
i_79
262153
5
i_187
262153
5
i_105
262153
5
i_106
262153
5
i_185
262153
5
i_201
262153
5
i_184
262153
5
i_192
262153
5
i_204
262153
5
i_254
262153
4
i_47
262153
5
i_174
262153
5
i_175
262153
5
i_193
262153
5
i_198
262153
5
i_104
262153
4
i_16
262153
5
i_207
16
35
262153
3
pla
262153
3
pla
262153
3
pla
262153
3
pla
262153
3
pla
262153
3
pla
262153
3
pla
262153
3
pla
262153
3
pla
262153
3
pla
262153
3
pol
262153
3
pol
262153
3
pol
262153
3
pol
262153
3
pol
262153
3
pol
262153
3
pol
262153
3
pol
262153
3
pol
262153
3
pol
262153
3
pol
262153
3
pol
262153
3
pol
262153
3
pol
262153
3
pol
262153
3
pol
262153
3
pol
262153
3
pol
262153
3
pol
262153
3
pol
262153
3
pol
262153
3
pol
262153
3
pol
262153
3
pol
262153
3
pol
1026
511
16
2
262153
4
name
262153
4
type
254
531
1
13
42
1
1
2
7
2
1
1
1
1
1
1
3
2
3
1
12
5
1
1
4
1
1
1
3
1
9
1
1
3
1
1
1
1
1
2
1
1
1
1
2
1
2
1026
511
16
1
262153
6
weight
254
4
0
254
1026
1023
787
10
14
1
35
10
1
0
14
42
10
11
12
13
14
15
16
17
16
18
19
20
12
21
22
19
20
14
23
18
24
25
26
27
12
13
28
29
14
21
30
31
32
19
20
33
30
31
22
10
34
27
14
42
0
0
1
1
1
1
1
1
2
3
4
4
4
4
4
5
5
5
5
5
5
5
5
5
6
6
6
6
6
6
7
8
9
9
9
9
9
9
9
9
9
9
14
42
0
39
1
2
12
24
3
25
4
17
28
5
6
8
7
9
19
10
15
33
11
16
34
13
29
14
38
18
20
21
22
23
41
26
27
30
36
31
37
32
35
40
14
42
0
1
2
3
4
5
6
7
8
9
12
10
11
13
14
17
19
15
16
18
20
21
22
23
24
25
28
29
26
27
30
31
39
33
34
38
41
36
37
32
35
40
14
36
0
0
0
0
0
0
0
0
0
0
0
2
3
6
8
11
12
14
15
17
20
23
25
27
28
29
30
31
33
34
35
37
39
40
41
42
14
36
0
2
8
9
10
15
24
30
31
32
42
42
42
42
42
42
42
42
42
42
42
42
42
42
42
42
42
42
42
42
42
42
42
42
42
42
19
4
14
3
1
0
1
531
0
1026
511
16
0
254
531
2
16
35
262153
4
p_18
262153
4
p_24
262153
4
p_31
262153
4
p_32
262153
3
p_5
262153
3
p_6
262153
4
p_64
262153
4
p_65
262153
4
p_67
262153
3
p_7
262153
5
i_205
262153
4
i_23
262153
4
i_11
262153
4
i_13
262153
5
i_177
262153
5
i_220
262153
5
i_248
262153
4
i_79
262153
5
i_187
262153
5
i_105
262153
5
i_106
262153
5
i_185
262153
5
i_201
262153
5
i_184
262153
5
i_192
262153
5
i_204
262153
5
i_254
262153
4
i_47
262153
5
i_174
262153
5
i_175
262153
5
i_193
262153
5
i_198
262153
5
i_104
262153
4
i_16
262153
5
i_207
16
35
262153
3
pla
262153
3
pla
262153
3
pla
262153
3
pla
262153
3
pla
262153
3
pla
262153
3
pla
262153
3
pla
262153
3
pla
262153
3
pla
262153
3
pol
262153
3
pol
262153
3
pol
262153
3
pol
262153
3
pol
262153
3
pol
262153
3
pol
262153
3
pol
262153
3
pol
262153
3
pol
262153
3
pol
262153
3
pol
262153
3
pol
262153
3
pol
262153
3
pol
262153
3
pol
262153
3
pol
262153
3
pol
262153
3
pol
262153
3
pol
262153
3
pol
262153
3
pol
262153
3
pol
262153
3
pol
262153
3
pol
1026
511
16
2
262153
4
name
262153
4
type
254
531
1
13
42
1
1
2
7
2
1
1
1
1
1
1
3
2
3
1
12
5
1
1
4
1
1
1
3
1
9
1
1
3
1
1
1
1
1
2
1
1
1
1
2
1
2
1026
511
16
1
262153
6
weight
254
2815
1026
1279
16
1
262153
6
igraph
254
1026
1535
16
1
262153
5
0.8.0
1026
1791
16
1
262153
36
590398b9-655a-45a5-b7ba-1825ec5b4c69
254
254
254
1026
1279
16
1
262153
6
igraph
254
787
10
14
1
57
10
1
0
14
85
14
15
16
17
18
19
20
15
21
22
17
23
18
24
20
25
26
27
19
28
17
20
18
17
20
25
18
15
21
29
30
31
32
33
17
33
34
35
36
37
26
19
32
38
17
20
25
35
36
39
40
26
41
42
43
44
45
46
47
20
33
15
48
37
49
14
50
20
51
25
35
18
15
37
40
49
19
52
21
53
54
30
55
56
35
14
85
0
1
1
2
2
2
3
3
3
3
4
4
4
4
5
5
5
5
5
5
6
6
6
7
7
7
7
7
7
7
7
7
7
8
9
9
9
9
9
9
9
9
9
10
10
10
10
10
10
10
10
10
10
10
10
10
10
10
10
11
11
11
11
11
11
11
11
12
12
12
12
12
12
12
12
12
12
12
12
12
12
12
12
12
13
14
85
0
65
1
7
27
61
72
2
3
10
20
23
34
44
4
12
22
26
71
5
18
41
76
6
14
21
24
45
59
67
8
28
78
9
11
13
15
25
46
69
16
40
51
17
19
29
30
81
31
32
42
33
35
60
36
37
47
70
84
38
48
39
63
73
43
49
50
74
52
53
54
55
56
57
58
62
64
75
66
68
77
79
80
82
83
14
85
0
1
2
3
4
5
7
6
8
9
10
12
11
13
18
14
15
16
17
19
20
22
21
27
23
26
24
28
25
29
30
31
32
33
34
41
40
42
35
36
37
38
39
44
45
46
51
47
48
43
49
50
52
53
54
55
56
57
58
65
61
59
60
63
62
64
66
72
71
76
67
78
69
81
70
73
74
75
68
77
79
80
82
83
84
14
58
0
0
0
0
0
0
0
0
0
0
0
0
0
0
0
2
7
8
14
19
23
30
33
34
35
36
40
43
44
45
46
48
49
51
54
55
59
61
64
65
66
68
69
70
71
72
73
74
75
76
78
79
80
81
82
83
84
85
14
58
0
1
3
6
10
14
20
23
33
34
43
59
67
84
85
85
85
85
85
85
85
85
85
85
85
85
85
85
85
85
85
85
85
85
85
85
85
85
85
85
85
85
85
85
85
85
85
85
85
85
85
85
85
85
85
85
85
85
19
4
14
3
1
0
1
531
0
1026
511
16
0
254
531
2
16
57
262153
4
p_18
262153
4
p_22
262153
4
p_23
262153
4
p_24
262153
4
p_31
262153
4
p_32
262153
4
p_38
262153
3
p_4
262153
4
p_41
262153
3
p_5
262153
3
p_6
262153
4
p_64
262153
3
p_7
262153
3
p_8
262153
4
i_23
262153
4
i_13
262153
5
i_249
262153
5
i_105
262153
5
i_126
262153
5
i_187
262153
5
i_106
262153
5
i_196
262153
4
i_79
262153
5
i_115
262153
5
i_247
262153
5
i_114
262153
5
i_185
262153
5
i_186
262153
5
i_194
262153
5
i_201
262153
5
i_207
262153
5
i_223
262153
4
i_52
262153
4
i_11
262153
5
i_112
262153
5
i_125
262153
4
i_14
262153
5
i_176
262153
5
i_103
262153
4
i_16
262153
5
i_177
262153
5
i_192
262153
5
i_204
262153
5
i_206
262153
5
i_229
262153
5
i_248
262153
5
i_254
262153
4
i_61
262153
5
i_172
262153
5
i_184
262153
5
i_231
262153
5
i_109
262153
5
i_193
262153
5
i_202
262153
5
i_205
262153
4
i_47
262153
4
i_56
16
57
262153
3
pla
262153
3
pla
262153
3
pla
262153
3
pla
262153
3
pla
262153
3
pla
262153
3
pla
262153
3
pla
262153
3
pla
262153
3
pla
262153
3
pla
262153
3
pla
262153
3
pla
262153
3
pla
262153
3
pol
262153
3
pol
262153
3
pol
262153
3
pol
262153
3
pol
262153
3
pol
262153
3
pol
262153
3
pol
262153
3
pol
262153
3
pol
262153
3
pol
262153
3
pol
262153
3
pol
262153
3
pol
262153
3
pol
262153
3
pol
262153
3
pol
262153
3
pol
262153
3
pol
262153
3
pol
262153
3
pol
262153
3
pol
262153
3
pol
262153
3
pol
262153
3
pol
262153
3
pol
262153
3
pol
262153
3
pol
262153
3
pol
262153
3
pol
262153
3
pol
262153
3
pol
262153
3
pol
262153
3
pol
262153
3
pol
262153
3
pol
262153
3
pol
262153
3
pol
262153
3
pol
262153
3
pol
262153
3
pol
262153
3
pol
262153
3
pol
1026
511
16
2
262153
4
name
262153
4
type
254
531
1
13
85
2
1
3
1
1
1
1
4
1
1
2
1
1
2
1
2
2
1
4
1
1
1
8
4
8
7
2
1
3
1
2
1
7
1
2
2
1
1
1
1
1
1
1
1
9
4
1
1
2
1
4
2
1
1
2
1
1
1
1
1
2
4
1
3
2
1
1
7
1
4
1
3
1
1
1
1
2
4
1
2
1
4
1
1
2
1026
511
16
1
262153
6
weight
254
4
0
254
1026
1023
787
10
14
1
57
10
1
0
14
85
14
15
16
17
18
19
20
15
21
22
17
23
18
24
20
25
26
27
19
28
17
20
18
17
20
25
18
15
21
29
30
31
32
33
17
33
34
35
36
37
26
19
32
38
17
20
25
35
36
39
40
26
41
42
43
44
45
46
47
20
33
15
48
37
49
14
50
20
51
25
35
18
15
37
40
49
19
52
21
53
54
30
55
56
35
14
85
0
1
1
2
2
2
3
3
3
3
4
4
4
4
5
5
5
5
5
5
6
6
6
7
7
7
7
7
7
7
7
7
7
8
9
9
9
9
9
9
9
9
9
10
10
10
10
10
10
10
10
10
10
10
10
10
10
10
10
11
11
11
11
11
11
11
11
12
12
12
12
12
12
12
12
12
12
12
12
12
12
12
12
12
13
14
85
0
65
1
7
27
61
72
2
3
10
20
23
34
44
4
12
22
26
71
5
18
41
76
6
14
21
24
45
59
67
8
28
78
9
11
13
15
25
46
69
16
40
51
17
19
29
30
81
31
32
42
33
35
60
36
37
47
70
84
38
48
39
63
73
43
49
50
74
52
53
54
55
56
57
58
62
64
75
66
68
77
79
80
82
83
14
85
0
1
2
3
4
5
7
6
8
9
10
12
11
13
18
14
15
16
17
19
20
22
21
27
23
26
24
28
25
29
30
31
32
33
34
41
40
42
35
36
37
38
39
44
45
46
51
47
48
43
49
50
52
53
54
55
56
57
58
65
61
59
60
63
62
64
66
72
71
76
67
78
69
81
70
73
74
75
68
77
79
80
82
83
84
14
58
0
0
0
0
0
0
0
0
0
0
0
0
0
0
0
2
7
8
14
19
23
30
33
34
35
36
40
43
44
45
46
48
49
51
54
55
59
61
64
65
66
68
69
70
71
72
73
74
75
76
78
79
80
81
82
83
84
85
14
58
0
1
3
6
10
14
20
23
33
34
43
59
67
84
85
85
85
85
85
85
85
85
85
85
85
85
85
85
85
85
85
85
85
85
85
85
85
85
85
85
85
85
85
85
85
85
85
85
85
85
85
85
85
85
85
85
85
85
19
4
14
3
1
0
1
531
0
1026
511
16
0
254
531
2
16
57
262153
4
p_18
262153
4
p_22
262153
4
p_23
262153
4
p_24
262153
4
p_31
262153
4
p_32
262153
4
p_38
262153
3
p_4
262153
4
p_41
262153
3
p_5
262153
3
p_6
262153
4
p_64
262153
3
p_7
262153
3
p_8
262153
4
i_23
262153
4
i_13
262153
5
i_249
262153
5
i_105
262153
5
i_126
262153
5
i_187
262153
5
i_106
262153
5
i_196
262153
4
i_79
262153
5
i_115
262153
5
i_247
262153
5
i_114
262153
5
i_185
262153
5
i_186
262153
5
i_194
262153
5
i_201
262153
5
i_207
262153
5
i_223
262153
4
i_52
262153
4
i_11
262153
5
i_112
262153
5
i_125
262153
4
i_14
262153
5
i_176
262153
5
i_103
262153
4
i_16
262153
5
i_177
262153
5
i_192
262153
5
i_204
262153
5
i_206
262153
5
i_229
262153
5
i_248
262153
5
i_254
262153
4
i_61
262153
5
i_172
262153
5
i_184
262153
5
i_231
262153
5
i_109
262153
5
i_193
262153
5
i_202
262153
5
i_205
262153
4
i_47
262153
4
i_56
16
57
262153
3
pla
262153
3
pla
262153
3
pla
262153
3
pla
262153
3
pla
262153
3
pla
262153
3
pla
262153
3
pla
262153
3
pla
262153
3
pla
262153
3
pla
262153
3
pla
262153
3
pla
262153
3
pla
262153
3
pol
262153
3
pol
262153
3
pol
262153
3
pol
262153
3
pol
262153
3
pol
262153
3
pol
262153
3
pol
262153
3
pol
262153
3
pol
262153
3
pol
262153
3
pol
262153
3
pol
262153
3
pol
262153
3
pol
262153
3
pol
262153
3
pol
262153
3
pol
262153
3
pol
262153
3
pol
262153
3
pol
262153
3
pol
262153
3
pol
262153
3
pol
262153
3
pol
262153
3
pol
262153
3
pol
262153
3
pol
262153
3
pol
262153
3
pol
262153
3
pol
262153
3
pol
262153
3
pol
262153
3
pol
262153
3
pol
262153
3
pol
262153
3
pol
262153
3
pol
262153
3
pol
262153
3
pol
262153
3
pol
262153
3
pol
262153
3
pol
1026
511
16
2
262153
4
name
262153
4
type
254
531
1
13
85
2
1
3
1
1
1
1
4
1
1
2
1
1
2
1
2
2
1
4
1
1
1
8
4
8
7
2
1
3
1
2
1
7
1
2
2
1
1
1
1
1
1
1
1
9
4
1
1
2
1
4
2
1
1
2
1
1
1
1
1
2
4
1
3
2
1
1
7
1
4
1
3
1
1
1
1
2
4
1
2
1
4
1
1
2
1026
511
16
1
262153
6
weight
254
3071
1026
1279
16
1
262153
6
igraph
254
1026
1535
16
1
262153
5
0.8.0
1026
1791
16
1
262153
36
0a8cfc06-9c08-4487-bc16-4d406391e6d0
254
254
254
1026
1279
16
1
262153
6
igraph
254
787
10
14
1
40
10
1
0
14
48
10
11
12
13
14
15
16
17
18
19
20
14
21
22
22
23
24
25
26
27
10
11
12
20
24
14
28
25
29
30
31
11
12
20
13
14
32
33
21
34
35
36
37
38
14
21
12
39
14
48
0
1
1
1
1
1
1
1
1
1
2
2
2
2
3
4
5
5
5
5
5
6
6
6
6
6
6
6
6
6
6
7
7
7
7
7
7
7
7
7
7
7
7
7
8
8
9
9
14
48
0
20
1
21
31
2
22
32
46
3
34
4
11
25
35
44
5
6
7
8
9
10
23
33
12
38
45
13
14
15
16
24
17
27
18
19
26
28
29
30
36
37
39
40
41
42
43
47
14
48
0
1
2
3
4
5
6
7
8
9
11
10
12
13
14
15
20
16
17
18
19
21
22
25
23
24
27
26
28
29
30
31
32
34
35
33
38
36
37
39
40
41
42
43
44
45
46
47
14
41
0
0
0
0
0
0
0
0
0
0
0
2
5
9
11
16
17
18
19
20
21
24
27
29
30
32
34
35
36
37
38
39
40
41
42
43
44
45
46
47
48
14
41
0
1
10
14
15
16
21
31
44
46
48
48
48
48
48
48
48
48
48
48
48
48
48
48
48
48
48
48
48
48
48
48
48
48
48
48
48
48
48
48
48
19
4
14
3
1
0
1
531
0
1026
511
16
0
254
531
2
16
40
262153
4
p_18
262153
4
p_22
262153
4
p_24
262153
4
p_26
262153
4
p_31
262153
4
p_32
262153
3
p_5
262153
3
p_6
262153
4
p_64
262153
3
p_7
262153
4
i_23
262153
5
i_105
262153
5
i_106
262153
5
i_126
262153
4
i_13
262153
5
i_198
262153
5
i_217
262153
5
i_243
262153
5
i_253
262153
4
i_52
262153
4
i_11
262153
5
i_177
262153
4
i_56
262153
4
i_26
262153
5
i_114
262153
5
i_185
262153
5
i_187
262153
5
i_205
262153
5
i_182
262153
5
i_199
262153
5
i_200
262153
5
i_202
262153
4
i_14
262153
5
i_175
262153
5
i_207
262153
5
i_231
262153
5
i_246
262153
4
i_35
262153
4
i_37
262153
5
i_186
16
40
262153
3
pla
262153
3
pla
262153
3
pla
262153
3
pla
262153
3
pla
262153
3
pla
262153
3
pla
262153
3
pla
262153
3
pla
262153
3
pla
262153
3
pol
262153
3
pol
262153
3
pol
262153
3
pol
262153
3
pol
262153
3
pol
262153
3
pol
262153
3
pol
262153
3
pol
262153
3
pol
262153
3
pol
262153
3
pol
262153
3
pol
262153
3
pol
262153
3
pol
262153
3
pol
262153
3
pol
262153
3
pol
262153
3
pol
262153
3
pol
262153
3
pol
262153
3
pol
262153
3
pol
262153
3
pol
262153
3
pol
262153
3
pol
262153
3
pol
262153
3
pol
262153
3
pol
262153
3
pol
1026
511
16
2
262153
4
name
262153
4
type
254
531
1
13
48
3
2
4
1
1
3
1
1
1
1
1
5
1
2
1
2
1
5
1
1
1
2
2
3
1
2
1
3
1
2
2
9
1
2
3
2
1
3
1
1
2
1
2
1
2
1
2
1
1026
511
16
1
262153
6
weight
254
4
0
254
1026
1023
787
10
14
1
40
10
1
0
14
48
10
11
12
13
14
15
16
17
18
19
20
14
21
22
22
23
24
25
26
27
10
11
12
20
24
14
28
25
29
30
31
11
12
20
13
14
32
33
21
34
35
36
37
38
14
21
12
39
14
48
0
1
1
1
1
1
1
1
1
1
2
2
2
2
3
4
5
5
5
5
5
6
6
6
6
6
6
6
6
6
6
7
7
7
7
7
7
7
7
7
7
7
7
7
8
8
9
9
14
48
0
20
1
21
31
2
22
32
46
3
34
4
11
25
35
44
5
6
7
8
9
10
23
33
12
38
45
13
14
15
16
24
17
27
18
19
26
28
29
30
36
37
39
40
41
42
43
47
14
48
0
1
2
3
4
5
6
7
8
9
11
10
12
13
14
15
20
16
17
18
19
21
22
25
23
24
27
26
28
29
30
31
32
34
35
33
38
36
37
39
40
41
42
43
44
45
46
47
14
41
0
0
0
0
0
0
0
0
0
0
0
2
5
9
11
16
17
18
19
20
21
24
27
29
30
32
34
35
36
37
38
39
40
41
42
43
44
45
46
47
48
14
41
0
1
10
14
15
16
21
31
44
46
48
48
48
48
48
48
48
48
48
48
48
48
48
48
48
48
48
48
48
48
48
48
48
48
48
48
48
48
48
48
48
19
4
14
3
1
0
1
531
0
1026
511
16
0
254
531
2
16
40
262153
4
p_18
262153
4
p_22
262153
4
p_24
262153
4
p_26
262153
4
p_31
262153
4
p_32
262153
3
p_5
262153
3
p_6
262153
4
p_64
262153
3
p_7
262153
4
i_23
262153
5
i_105
262153
5
i_106
262153
5
i_126
262153
4
i_13
262153
5
i_198
262153
5
i_217
262153
5
i_243
262153
5
i_253
262153
4
i_52
262153
4
i_11
262153
5
i_177
262153
4
i_56
262153
4
i_26
262153
5
i_114
262153
5
i_185
262153
5
i_187
262153
5
i_205
262153
5
i_182
262153
5
i_199
262153
5
i_200
262153
5
i_202
262153
4
i_14
262153
5
i_175
262153
5
i_207
262153
5
i_231
262153
5
i_246
262153
4
i_35
262153
4
i_37
262153
5
i_186
16
40
262153
3
pla
262153
3
pla
262153
3
pla
262153
3
pla
262153
3
pla
262153
3
pla
262153
3
pla
262153
3
pla
262153
3
pla
262153
3
pla
262153
3
pol
262153
3
pol
262153
3
pol
262153
3
pol
262153
3
pol
262153
3
pol
262153
3
pol
262153
3
pol
262153
3
pol
262153
3
pol
262153
3
pol
262153
3
pol
262153
3
pol
262153
3
pol
262153
3
pol
262153
3
pol
262153
3
pol
262153
3
pol
262153
3
pol
262153
3
pol
262153
3
pol
262153
3
pol
262153
3
pol
262153
3
pol
262153
3
pol
262153
3
pol
262153
3
pol
262153
3
pol
262153
3
pol
262153
3
pol
1026
511
16
2
262153
4
name
262153
4
type
254
531
1
13
48
3
2
4
1
1
3
1
1
1
1
1
5
1
2
1
2
1
5
1
1
1
2
2
3
1
2
1
3
1
2
2
9
1
2
3
2
1
3
1
1
2
1
2
1
2
1
2
1
1026
511
16
1
262153
6
weight
254
3327
1026
1279
16
1
262153
6
igraph
254
1026
1535
16
1
262153
5
0.8.0
1026
1791
16
1
262153
36
f00cdc8e-8ad8-40d3-8957-0317600e9cd8
254
254
254
1026
1279
16
1
262153
6
igraph
254
787
10
14
1
38
10
1
0
14
61
11
12
13
14
15
16
17
18
19
20
21
22
23
24
13
16
25
14
26
27
28
29
14
16
13
14
15
22
30
26
16
23
31
32
20
13
14
15
22
23
27
33
11
14
15
28
33
25
23
34
13
14
15
35
30
23
27
28
36
31
37
14
61
0
0
1
1
1
1
1
1
1
1
1
2
2
2
3
3
3
4
4
4
4
4
5
5
6
6
6
6
6
6
6
6
6
6
6
7
7
7
7
7
7
7
7
8
8
8
8
8
9
9
10
10
10
10
10
10
10
10
10
10
10
14
61
0
42
1
2
14
24
35
50
3
17
22
25
36
43
51
4
26
37
44
52
5
15
23
30
6
7
8
9
34
10
11
27
38
12
31
39
48
55
13
16
47
18
29
19
40
56
20
45
57
21
28
54
32
59
33
41
46
49
53
58
60
14
61
0
1
2
3
4
5
6
7
8
9
10
11
12
13
14
15
16
17
18
19
20
21
22
23
24
25
26
30
34
27
31
29
28
32
33
42
35
36
37
38
39
40
41
43
44
47
45
46
48
49
50
51
52
55
56
57
54
59
53
58
60
14
39
0
0
0
0
0
0
0
0
0
0
0
0
2
3
8
15
20
24
25
26
27
29
30
33
38
39
41
43
46
49
50
52
54
55
57
58
59
60
61
14
39
0
2
11
14
17
22
24
35
43
48
50
61
61
61
61
61
61
61
61
61
61
61
61
61
61
61
61
61
61
61
61
61
61
61
61
61
61
61
61
19
4
14
3
1
0
1
531
0
1026
511
16
0
254
531
2
16
38
262153
4
p_18
262153
4
p_22
262153
4
p_24
262153
4
p_31
262153
4
p_32
262153
4
p_38
262153
3
p_4
262153
3
p_5
262153
3
p_6
262153
4
p_64
262153
3
p_7
262153
5
i_205
262153
4
i_23
262153
5
i_104
262153
5
i_105
262153
5
i_106
262153
5
i_126
262153
4
i_16
262153
5
i_198
262153
5
i_253
262153
4
i_52
262153
4
i_76
262153
4
i_11
262153
4
i_13
262153
4
i_56
262153
4
i_26
262153
5
i_115
262153
5
i_185
262153
5
i_187
262153
5
i_246
262153
5
i_114
262153
5
i_207
262153
5
i_241
262153
5
i_204
262153
5
i_172
262153
5
i_109
262153
5
i_188
262153
4
i_47
16
38
262153
3
pla
262153
3
pla
262153
3
pla
262153
3
pla
262153
3
pla
262153
3
pla
262153
3
pla
262153
3
pla
262153
3
pla
262153
3
pla
262153
3
pla
262153
3
pol
262153
3
pol
262153
3
pol
262153
3
pol
262153
3
pol
262153
3
pol
262153
3
pol
262153
3
pol
262153
3
pol
262153
3
pol
262153
3
pol
262153
3
pol
262153
3
pol
262153
3
pol
262153
3
pol
262153
3
pol
262153
3
pol
262153
3
pol
262153
3
pol
262153
3
pol
262153
3
pol
262153
3
pol
262153
3
pol
262153
3
pol
262153
3
pol
262153
3
pol
262153
3
pol
1026
511
16
2
262153
4
name
262153
4
type
254
531
1
13
61
1
1
1
1
1
2
1
1
1
2
1
1
3
1
2
2
1
1
2
4
1
1
1
3
1
9
3
1
2
3
4
2
3
1
3
2
1
1
1
2
2
1
1
4
4
1
2
1
1
1
3
2
3
1
3
1
3
1
1
2
1
1026
511
16
1
262153
6
weight
254
4
0
254
1026
1023
787
10
14
1
38
10
1
0
14
61
11
12
13
14
15
16
17
18
19
20
21
22
23
24
13
16
25
14
26
27
28
29
14
16
13
14
15
22
30
26
16
23
31
32
20
13
14
15
22
23
27
33
11
14
15
28
33
25
23
34
13
14
15
35
30
23
27
28
36
31
37
14
61
0
0
1
1
1
1
1
1
1
1
1
2
2
2
3
3
3
4
4
4
4
4
5
5
6
6
6
6
6
6
6
6
6
6
6
7
7
7
7
7
7
7
7
8
8
8
8
8
9
9
10
10
10
10
10
10
10
10
10
10
10
14
61
0
42
1
2
14
24
35
50
3
17
22
25
36
43
51
4
26
37
44
52
5
15
23
30
6
7
8
9
34
10
11
27
38
12
31
39
48
55
13
16
47
18
29
19
40
56
20
45
57
21
28
54
32
59
33
41
46
49
53
58
60
14
61
0
1
2
3
4
5
6
7
8
9
10
11
12
13
14
15
16
17
18
19
20
21
22
23
24
25
26
30
34
27
31
29
28
32
33
42
35
36
37
38
39
40
41
43
44
47
45
46
48
49
50
51
52
55
56
57
54
59
53
58
60
14
39
0
0
0
0
0
0
0
0
0
0
0
0
2
3
8
15
20
24
25
26
27
29
30
33
38
39
41
43
46
49
50
52
54
55
57
58
59
60
61
14
39
0
2
11
14
17
22
24
35
43
48
50
61
61
61
61
61
61
61
61
61
61
61
61
61
61
61
61
61
61
61
61
61
61
61
61
61
61
61
61
19
4
14
3
1
0
1
531
0
1026
511
16
0
254
531
2
16
38
262153
4
p_18
262153
4
p_22
262153
4
p_24
262153
4
p_31
262153
4
p_32
262153
4
p_38
262153
3
p_4
262153
3
p_5
262153
3
p_6
262153
4
p_64
262153
3
p_7
262153
5
i_205
262153
4
i_23
262153
5
i_104
262153
5
i_105
262153
5
i_106
262153
5
i_126
262153
4
i_16
262153
5
i_198
262153
5
i_253
262153
4
i_52
262153
4
i_76
262153
4
i_11
262153
4
i_13
262153
4
i_56
262153
4
i_26
262153
5
i_115
262153
5
i_185
262153
5
i_187
262153
5
i_246
262153
5
i_114
262153
5
i_207
262153
5
i_241
262153
5
i_204
262153
5
i_172
262153
5
i_109
262153
5
i_188
262153
4
i_47
16
38
262153
3
pla
262153
3
pla
262153
3
pla
262153
3
pla
262153
3
pla
262153
3
pla
262153
3
pla
262153
3
pla
262153
3
pla
262153
3
pla
262153
3
pla
262153
3
pol
262153
3
pol
262153
3
pol
262153
3
pol
262153
3
pol
262153
3
pol
262153
3
pol
262153
3
pol
262153
3
pol
262153
3
pol
262153
3
pol
262153
3
pol
262153
3
pol
262153
3
pol
262153
3
pol
262153
3
pol
262153
3
pol
262153
3
pol
262153
3
pol
262153
3
pol
262153
3
pol
262153
3
pol
262153
3
pol
262153
3
pol
262153
3
pol
262153
3
pol
262153
3
pol
1026
511
16
2
262153
4
name
262153
4
type
254
531
1
13
61
1
1
1
1
1
2
1
1
1
2
1
1
3
1
2
2
1
1
2
4
1
1
1
3
1
9
3
1
2
3
4
2
3
1
3
2
1
1
1
2
2
1
1
4
4
1
2
1
1
1
3
2
3
1
3
1
3
1
1
2
1
1026
511
16
1
262153
6
weight
254
3583
1026
1279
16
1
262153
6
igraph
254
1026
1535
16
1
262153
5
0.8.0
1026
1791
16
1
262153
36
57a0ce53-7f10-4f43-adf1-d6b94699904c
254
254
254
1026
1279
16
1
262153
6
igraph
254
787
10
14
1
35
10
1
0
14
42
8
9
10
11
12
13
14
15
16
17
18
19
14
15
20
11
9
21
22
15
23
24
25
26
27
9
14
8
28
9
11
13
21
29
30
15
31
32
28
33
19
34
14
42
0
1
1
1
1
1
1
1
1
1
1
1
2
2
2
3
4
4
4
4
4
4
4
4
4
5
5
5
5
6
6
6
6
6
6
6
6
6
6
6
6
7
14
42
0
27
1
16
25
29
2
3
15
30
4
5
31
6
12
26
7
13
19
35
8
9
10
11
40
14
17
32
18
20
21
22
23
24
28
38
33
34
36
37
39
41
14
42
0
1
2
3
4
5
6
7
8
9
10
11
12
13
14
15
16
19
17
18
20
21
22
23
24
27
25
26
28
29
30
31
35
40
32
38
33
34
36
37
39
41
14
36
0
0
0
0
0
0
0
0
0
2
6
7
10
11
13
16
20
21
22
23
25
26
28
29
30
31
32
33
34
36
37
38
39
40
41
42
14
36
0
1
12
15
16
25
29
41
42
42
42
42
42
42
42
42
42
42
42
42
42
42
42
42
42
42
42
42
42
42
42
42
42
42
42
42
19
4
14
3
1
0
1
531
0
1026
511
16
0
254
531
2
16
35
262153
4
p_13
262153
4
p_14
262153
4
p_20
262153
4
p_26
262153
4
p_27
262153
4
p_31
262153
4
p_32
262153
4
p_53
262153
5
i_242
262153
5
i_103
262153
5
i_105
262153
5
i_109
262153
5
i_119
262153
5
i_123
262153
5
i_126
262153
5
i_204
262153
5
i_228
262153
5
i_238
262153
5
i_252
262153
4
i_29
262153
4
i_75
262153
4
i_13
262153
5
i_177
262153
4
i_21
262153
5
i_233
262153
5
i_240
262153
4
i_52
262153
4
i_71
262153
5
i_248
262153
5
i_167
262153
5
i_188
262153
5
i_234
262153
5
i_237
262153
4
i_26
262153
5
i_224
16
35
262153
3
pla
262153
3
pla
262153
3
pla
262153
3
pla
262153
3
pla
262153
3
pla
262153
3
pla
262153
3
pla
262153
3
pol
262153
3
pol
262153
3
pol
262153
3
pol
262153
3
pol
262153
3
pol
262153
3
pol
262153
3
pol
262153
3
pol
262153
3
pol
262153
3
pol
262153
3
pol
262153
3
pol
262153
3
pol
262153
3
pol
262153
3
pol
262153
3
pol
262153
3
pol
262153
3
pol
262153
3
pol
262153
3
pol
262153
3
pol
262153
3
pol
262153
3
pol
262153
3
pol
262153
3
pol
262153
3
pol
1026
511
16
2
262153
4
name
262153
4
type
254
531
1
13
42
1
3
1
1
3
3
8
4
1
1
1
2
1
3
1
2
3
3
1
1
1
1
1
1
1
1
1
1
6
1
1
1
4
3
2
1
1
1
1
1
1
1
1026
511
16
1
262153
6
weight
254
4
0
254
1026
1023
787
10
14
1
35
10
1
0
14
42
8
9
10
11
12
13
14
15
16
17
18
19
14
15
20
11
9
21
22
15
23
24
25
26
27
9
14
8
28
9
11
13
21
29
30
15
31
32
28
33
19
34
14
42
0
1
1
1
1
1
1
1
1
1
1
1
2
2
2
3
4
4
4
4
4
4
4
4
4
5
5
5
5
6
6
6
6
6
6
6
6
6
6
6
6
7
14
42
0
27
1
16
25
29
2
3
15
30
4
5
31
6
12
26
7
13
19
35
8
9
10
11
40
14
17
32
18
20
21
22
23
24
28
38
33
34
36
37
39
41
14
42
0
1
2
3
4
5
6
7
8
9
10
11
12
13
14
15
16
19
17
18
20
21
22
23
24
27
25
26
28
29
30
31
35
40
32
38
33
34
36
37
39
41
14
36
0
0
0
0
0
0
0
0
0
2
6
7
10
11
13
16
20
21
22
23
25
26
28
29
30
31
32
33
34
36
37
38
39
40
41
42
14
36
0
1
12
15
16
25
29
41
42
42
42
42
42
42
42
42
42
42
42
42
42
42
42
42
42
42
42
42
42
42
42
42
42
42
42
42
19
4
14
3
1
0
1
531
0
1026
511
16
0
254
531
2
16
35
262153
4
p_13
262153
4
p_14
262153
4
p_20
262153
4
p_26
262153
4
p_27
262153
4
p_31
262153
4
p_32
262153
4
p_53
262153
5
i_242
262153
5
i_103
262153
5
i_105
262153
5
i_109
262153
5
i_119
262153
5
i_123
262153
5
i_126
262153
5
i_204
262153
5
i_228
262153
5
i_238
262153
5
i_252
262153
4
i_29
262153
4
i_75
262153
4
i_13
262153
5
i_177
262153
4
i_21
262153
5
i_233
262153
5
i_240
262153
4
i_52
262153
4
i_71
262153
5
i_248
262153
5
i_167
262153
5
i_188
262153
5
i_234
262153
5
i_237
262153
4
i_26
262153
5
i_224
16
35
262153
3
pla
262153
3
pla
262153
3
pla
262153
3
pla
262153
3
pla
262153
3
pla
262153
3
pla
262153
3
pla
262153
3
pol
262153
3
pol
262153
3
pol
262153
3
pol
262153
3
pol
262153
3
pol
262153
3
pol
262153
3
pol
262153
3
pol
262153
3
pol
262153
3
pol
262153
3
pol
262153
3
pol
262153
3
pol
262153
3
pol
262153
3
pol
262153
3
pol
262153
3
pol
262153
3
pol
262153
3
pol
262153
3
pol
262153
3
pol
262153
3
pol
262153
3
pol
262153
3
pol
262153
3
pol
262153
3
pol
1026
511
16
2
262153
4
name
262153
4
type
254
531
1
13
42
1
3
1
1
3
3
8
4
1
1
1
2
1
3
1
2
3
3
1
1
1
1
1
1
1
1
1
1
6
1
1
1
4
3
2
1
1
1
1
1
1
1
1026
511
16
1
262153
6
weight
254
3839
1026
1279
16
1
262153
6
igraph
254
1026
1535
16
1
262153
5
0.8.0
1026
1791
16
1
262153
36
36552586-568a-45c1-bc43-748065f23225
254
254
254
1026
1279
16
1
262153
6
igraph
254
787
10
14
1
32
10
1
0
14
36
8
9
10
11
8
12
13
14
15
16
8
14
17
18
19
15
11
20
8
21
22
23
24
25
20
26
27
28
29
14
30
19
20
8
31
30
14
36
0
1
1
1
1
1
1
1
2
2
2
2
2
3
3
3
3
3
3
3
3
3
3
4
4
4
4
4
5
5
6
7
7
7
7
7
14
36
0
4
10
18
33
1
2
3
16
5
6
7
11
29
8
15
9
12
13
14
31
17
24
32
19
20
21
22
23
25
26
27
28
30
35
34
14
36
0
4
1
2
3
5
6
7
10
11
8
9
12
18
16
15
13
14
17
19
20
21
22
24
23
25
26
27
29
28
30
33
31
32
35
34
14
33
0
0
0
0
0
0
0
0
0
5
6
7
9
10
11
14
16
17
18
19
21
24
25
26
27
28
29
30
31
32
33
35
36
14
33
0
1
8
13
23
28
30
31
36
36
36
36
36
36
36
36
36
36
36
36
36
36
36
36
36
36
36
36
36
36
36
36
36
19
4
14
3
1
0
1
531
0
1026
511
16
0
254
531
2
16
32
262153
4
p_13
262153
4
p_14
262153
4
p_20
262153
4
p_25
262153
4
p_27
262153
4
p_28
262153
4
p_31
262153
4
p_32
262153
5
i_204
262153
5
i_109
262153
5
i_119
262153
5
i_126
262153
5
i_212
262153
5
i_235
262153
4
i_29
262153
5
i_125
262153
5
i_162
262153
4
i_39
262153
5
i_103
262153
5
i_106
262153
4
i_13
262153
5
i_216
262153
4
i_26
262153
4
i_35
262153
4
i_52
262153
5
i_123
262153
5
i_242
262153
4
i_56
262153
4
i_72
262153
5
i_213
262153
5
i_248
262153
5
i_222
16
32
262153
3
pla
262153
3
pla
262153
3
pla
262153
3
pla
262153
3
pla
262153
3
pla
262153
3
pla
262153
3
pla
262153
3
pol
262153
3
pol
262153
3
pol
262153
3
pol
262153
3
pol
262153
3
pol
262153
3
pol
262153
3
pol
262153
3
pol
262153
3
pol
262153
3
pol
262153
3
pol
262153
3
pol
262153
3
pol
262153
3
pol
262153
3
pol
262153
3
pol
262153
3
pol
262153
3
pol
262153
3
pol
262153
3
pol
262153
3
pol
262153
3
pol
262153
3
pol
1026
511
16
2
262153
4
name
262153
4
type
254
531
1
13
36
1
3
6
5
4
1
2
3
2
1
2
3
1
17
3
1
3
11
1
10
2
1
8
1
7
1
1
1
1
1
1
1
2
1
2
1
1026
511
16
1
262153
6
weight
254
4
0
254
1026
1023
787
10
14
1
32
10
1
0
14
36
8
9
10
11
8
12
13
14
15
16
8
14
17
18
19
15
11
20
8
21
22
23
24
25
20
26
27
28
29
14
30
19
20
8
31
30
14
36
0
1
1
1
1
1
1
1
2
2
2
2
2
3
3
3
3
3
3
3
3
3
3
4
4
4
4
4
5
5
6
7
7
7
7
7
14
36
0
4
10
18
33
1
2
3
16
5
6
7
11
29
8
15
9
12
13
14
31
17
24
32
19
20
21
22
23
25
26
27
28
30
35
34
14
36
0
4
1
2
3
5
6
7
10
11
8
9
12
18
16
15
13
14
17
19
20
21
22
24
23
25
26
27
29
28
30
33
31
32
35
34
14
33
0
0
0
0
0
0
0
0
0
5
6
7
9
10
11
14
16
17
18
19
21
24
25
26
27
28
29
30
31
32
33
35
36
14
33
0
1
8
13
23
28
30
31
36
36
36
36
36
36
36
36
36
36
36
36
36
36
36
36
36
36
36
36
36
36
36
36
36
19
4
14
3
1
0
1
531
0
1026
511
16
0
254
531
2
16
32
262153
4
p_13
262153
4
p_14
262153
4
p_20
262153
4
p_25
262153
4
p_27
262153
4
p_28
262153
4
p_31
262153
4
p_32
262153
5
i_204
262153
5
i_109
262153
5
i_119
262153
5
i_126
262153
5
i_212
262153
5
i_235
262153
4
i_29
262153
5
i_125
262153
5
i_162
262153
4
i_39
262153
5
i_103
262153
5
i_106
262153
4
i_13
262153
5
i_216
262153
4
i_26
262153
4
i_35
262153
4
i_52
262153
5
i_123
262153
5
i_242
262153
4
i_56
262153
4
i_72
262153
5
i_213
262153
5
i_248
262153
5
i_222
16
32
262153
3
pla
262153
3
pla
262153
3
pla
262153
3
pla
262153
3
pla
262153
3
pla
262153
3
pla
262153
3
pla
262153
3
pol
262153
3
pol
262153
3
pol
262153
3
pol
262153
3
pol
262153
3
pol
262153
3
pol
262153
3
pol
262153
3
pol
262153
3
pol
262153
3
pol
262153
3
pol
262153
3
pol
262153
3
pol
262153
3
pol
262153
3
pol
262153
3
pol
262153
3
pol
262153
3
pol
262153
3
pol
262153
3
pol
262153
3
pol
262153
3
pol
262153
3
pol
1026
511
16
2
262153
4
name
262153
4
type
254
531
1
13
36
1
3
6
5
4
1
2
3
2
1
2
3
1
17
3
1
3
11
1
10
2
1
8
1
7
1
1
1
1
1
1
1
2
1
2
1
1026
511
16
1
262153
6
weight
254
4095
1026
1279
16
1
262153
6
igraph
254
1026
1535
16
1
262153
5
0.8.0
1026
1791
16
1
262153
36
6642146b-6806-477e-b099-4baf4ff19525
254
254
254
1026
1279
16
1
262153
6
igraph
254
787
10
14
1
30
10
1
0
14
32
9
10
11
12
13
11
12
14
15
16
17
18
10
13
11
17
19
20
21
14
22
23
24
25
9
26
13
11
19
27
28
29
14
32
0
0
0
0
1
1
1
2
3
3
4
4
5
5
5
5
5
5
5
5
5
5
5
6
7
8
8
8
8
8
8
8
14
32
0
24
1
12
2
5
14
27
3
6
4
13
26
7
19
8
9
10
15
11
16
28
17
18
20
21
22
23
25
29
30
31
14
32
0
1
2
3
5
6
4
7
8
9
10
11
12
14
13
19
15
16
17
18
20
21
22
23
24
27
26
28
25
29
30
31
14
31
0
0
0
0
0
0
0
0
0
0
2
4
8
10
13
15
16
17
19
20
22
23
24
25
26
27
28
29
30
31
32
14
31
0
4
7
8
10
12
23
24
25
32
32
32
32
32
32
32
32
32
32
32
32
32
32
32
32
32
32
32
32
32
32
19
4
14
3
1
0
1
531
0
1026
511
16
0
254
531
2
16
30
262153
4
p_14
262153
4
p_20
262153
4
p_23
262153
4
p_26
262153
4
p_27
262153
4
p_28
262153
4
p_32
262153
4
p_38
262153
4
p_66
262153
5
i_109
262153
5
i_119
262153
5
i_126
262153
5
i_167
262153
5
i_125
262153
5
i_221
262153
5
i_217
262153
4
i_35
262153
4
i_13
262153
5
i_242
262153
5
i_204
262153
5
i_213
262153
5
i_218
262153
5
i_224
262153
4
i_28
262153
4
i_52
262153
5
i_188
262153
5
i_123
262153
5
i_219
262153
4
i_39
262153
4
i_45
16
30
262153
3
pla
262153
3
pla
262153
3
pla
262153
3
pla
262153
3
pla
262153
3
pla
262153
3
pla
262153
3
pla
262153
3
pla
262153
3
pol
262153
3
pol
262153
3
pol
262153
3
pol
262153
3
pol
262153
3
pol
262153
3
pol
262153
3
pol
262153
3
pol
262153
3
pol
262153
3
pol
262153
3
pol
262153
3
pol
262153
3
pol
262153
3
pol
262153
3
pol
262153
3
pol
262153
3
pol
262153
3
pol
262153
3
pol
262153
3
pol
1026
511
16
2
262153
4
name
262153
4
type
254
531
1
13
32
15
2
12
1
3
3
1
1
1
1
1
1
1
1
1
1
1
1
1
2
2
1
1
1
3
1
1
4
5
1
2
1
1026
511
16
1
262153
6
weight
254
4
0
254
1026
1023
787
10
14
1
30
10
1
0
14
32
9
10
11
12
13
11
12
14
15
16
17
18
10
13
11
17
19
20
21
14
22
23
24
25
9
26
13
11
19
27
28
29
14
32
0
0
0
0
1
1
1
2
3
3
4
4
5
5
5
5
5
5
5
5
5
5
5
6
7
8
8
8
8
8
8
8
14
32
0
24
1
12
2
5
14
27
3
6
4
13
26
7
19
8
9
10
15
11
16
28
17
18
20
21
22
23
25
29
30
31
14
32
0
1
2
3
5
6
4
7
8
9
10
11
12
14
13
19
15
16
17
18
20
21
22
23
24
27
26
28
25
29
30
31
14
31
0
0
0
0
0
0
0
0
0
0
2
4
8
10
13
15
16
17
19
20
22
23
24
25
26
27
28
29
30
31
32
14
31
0
4
7
8
10
12
23
24
25
32
32
32
32
32
32
32
32
32
32
32
32
32
32
32
32
32
32
32
32
32
32
19
4
14
3
1
0
1
531
0
1026
511
16
0
254
531
2
16
30
262153
4
p_14
262153
4
p_20
262153
4
p_23
262153
4
p_26
262153
4
p_27
262153
4
p_28
262153
4
p_32
262153
4
p_38
262153
4
p_66
262153
5
i_109
262153
5
i_119
262153
5
i_126
262153
5
i_167
262153
5
i_125
262153
5
i_221
262153
5
i_217
262153
4
i_35
262153
4
i_13
262153
5
i_242
262153
5
i_204
262153
5
i_213
262153
5
i_218
262153
5
i_224
262153
4
i_28
262153
4
i_52
262153
5
i_188
262153
5
i_123
262153
5
i_219
262153
4
i_39
262153
4
i_45
16
30
262153
3
pla
262153
3
pla
262153
3
pla
262153
3
pla
262153
3
pla
262153
3
pla
262153
3
pla
262153
3
pla
262153
3
pla
262153
3
pol
262153
3
pol
262153
3
pol
262153
3
pol
262153
3
pol
262153
3
pol
262153
3
pol
262153
3
pol
262153
3
pol
262153
3
pol
262153
3
pol
262153
3
pol
262153
3
pol
262153
3
pol
262153
3
pol
262153
3
pol
262153
3
pol
262153
3
pol
262153
3
pol
262153
3
pol
262153
3
pol
1026
511
16
2
262153
4
name
262153
4
type
254
531
1
13
32
15
2
12
1
3
3
1
1
1
1
1
1
1
1
1
1
1
1
1
2
2
1
1
1
3
1
1
4
5
1
2
1
1026
511
16
1
262153
6
weight
254
4351
1026
1279
16
1
262153
6
igraph
254
1026
1535
16
1
262153
5
0.8.0
1026
1791
16
1
262153
36
f375e60d-37b4-4b2f-8d3d-2a9637a30c9a
254
254
254
1026
1279
16
1
262153
6
igraph
254
787
10
14
1
37
10
1
0
14
42
9
10
11
12
13
14
15
16
17
18
19
20
14
14
21
22
23
9
24
12
14
25
26
27
28
20
29
22
30
28
31
32
13
33
28
22
15
33
34
35
36
28
14
42
0
0
0
0
0
0
0
0
0
0
0
0
1
2
2
3
3
3
3
3
3
3
3
3
3
3
3
4
4
4
4
4
5
5
5
6
7
7
7
7
7
8
14
42
0
17
1
2
3
19
4
32
5
12
13
20
6
36
7
8
9
10
11
25
14
15
27
35
16
18
21
22
23
24
29
34
41
26
28
30
31
33
37
38
39
40
14
42
0
1
2
3
4
5
6
7
8
9
10
11
12
13
14
17
19
20
25
15
16
18
21
22
23
24
26
27
29
28
30
31
32
34
33
35
36
37
38
39
40
41
14
38
0
0
0
0
0
0
0
0
0
0
2
3
4
6
8
12
14
15
16
17
18
20
21
24
25
26
27
28
29
33
34
35
36
37
39
40
41
42
14
38
0
12
13
15
27
32
35
36
41
42
42
42
42
42
42
42
42
42
42
42
42
42
42
42
42
42
42
42
42
42
42
42
42
42
42
42
42
42
19
4
14
3
1
0
1
531
0
1026
511
16
0
254
531
2
16
37
262153
4
p_14
262153
4
p_16
262153
4
p_20
262153
4
p_25
262153
4
p_26
262153
4
p_28
262153
4
p_32
262153
4
p_66
262153
4
p_70
262153
5
i_109
262153
5
i_112
262153
5
i_114
262153
5
i_119
262153
5
i_123
262153
5
i_125
262153
5
i_126
262153
5
i_159
262153
5
i_167
262153
3
i_2
262153
5
i_214
262153
4
i_34
262153
4
i_75
262153
5
i_103
262153
5
i_106
262153
4
i_11
262153
4
i_13
262153
5
i_213
262153
5
i_216
262153
5
i_217
262153
4
i_52
262153
5
i_182
262153
5
i_236
262153
5
i_244
262153
5
i_204
262153
5
i_211
262153
4
i_29
262153
4
i_45
16
37
262153
3
pla
262153
3
pla
262153
3
pla
262153
3
pla
262153
3
pla
262153
3
pla
262153
3
pla
262153
3
pla
262153
3
pla
262153
3
pol
262153
3
pol
262153
3
pol
262153
3
pol
262153
3
pol
262153
3
pol
262153
3
pol
262153
3
pol
262153
3
pol
262153
3
pol
262153
3
pol
262153
3
pol
262153
3
pol
262153
3
pol
262153
3
pol
262153
3
pol
262153
3
pol
262153
3
pol
262153
3
pol
262153
3
pol
262153
3
pol
262153
3
pol
262153
3
pol
262153
3
pol
262153
3
pol
262153
3
pol
262153
3
pol
262153
3
pol
1026
511
16
2
262153
4
name
262153
4
type
254
531
1
13
42
10
1
1
5
1
2
2
1
2
1
1
1
1
2
1
3
1
2
1
2
1
3
1
2
3
1
4
5
1
1
1
1
1
1
1
1
2
1
1
2
1
1
1026
511
16
1
262153
6
weight
254
4
0
254
1026
1023
787
10
14
1
37
10
1
0
14
42
9
10
11
12
13
14
15
16
17
18
19
20
14
14
21
22
23
9
24
12
14
25
26
27
28
20
29
22
30
28
31
32
13
33
28
22
15
33
34
35
36
28
14
42
0
0
0
0
0
0
0
0
0
0
0
0
1
2
2
3
3
3
3
3
3
3
3
3
3
3
3
4
4
4
4
4
5
5
5
6
7
7
7
7
7
8
14
42
0
17
1
2
3
19
4
32
5
12
13
20
6
36
7
8
9
10
11
25
14
15
27
35
16
18
21
22
23
24
29
34
41
26
28
30
31
33
37
38
39
40
14
42
0
1
2
3
4
5
6
7
8
9
10
11
12
13
14
17
19
20
25
15
16
18
21
22
23
24
26
27
29
28
30
31
32
34
33
35
36
37
38
39
40
41
14
38
0
0
0
0
0
0
0
0
0
0
2
3
4
6
8
12
14
15
16
17
18
20
21
24
25
26
27
28
29
33
34
35
36
37
39
40
41
42
14
38
0
12
13
15
27
32
35
36
41
42
42
42
42
42
42
42
42
42
42
42
42
42
42
42
42
42
42
42
42
42
42
42
42
42
42
42
42
42
19
4
14
3
1
0
1
531
0
1026
511
16
0
254
531
2
16
37
262153
4
p_14
262153
4
p_16
262153
4
p_20
262153
4
p_25
262153
4
p_26
262153
4
p_28
262153
4
p_32
262153
4
p_66
262153
4
p_70
262153
5
i_109
262153
5
i_112
262153
5
i_114
262153
5
i_119
262153
5
i_123
262153
5
i_125
262153
5
i_126
262153
5
i_159
262153
5
i_167
262153
3
i_2
262153
5
i_214
262153
4
i_34
262153
4
i_75
262153
5
i_103
262153
5
i_106
262153
4
i_11
262153
4
i_13
262153
5
i_213
262153
5
i_216
262153
5
i_217
262153
4
i_52
262153
5
i_182
262153
5
i_236
262153
5
i_244
262153
5
i_204
262153
5
i_211
262153
4
i_29
262153
4
i_45
16
37
262153
3
pla
262153
3
pla
262153
3
pla
262153
3
pla
262153
3
pla
262153
3
pla
262153
3
pla
262153
3
pla
262153
3
pla
262153
3
pol
262153
3
pol
262153
3
pol
262153
3
pol
262153
3
pol
262153
3
pol
262153
3
pol
262153
3
pol
262153
3
pol
262153
3
pol
262153
3
pol
262153
3
pol
262153
3
pol
262153
3
pol
262153
3
pol
262153
3
pol
262153
3
pol
262153
3
pol
262153
3
pol
262153
3
pol
262153
3
pol
262153
3
pol
262153
3
pol
262153
3
pol
262153
3
pol
262153
3
pol
262153
3
pol
262153
3
pol
1026
511
16
2
262153
4
name
262153
4
type
254
531
1
13
42
10
1
1
5
1
2
2
1
2
1
1
1
1
2
1
3
1
2
1
2
1
3
1
2
3
1
4
5
1
1
1
1
1
1
1
1
2
1
1
2
1
1
1026
511
16
1
262153
6
weight
254
4607
1026
1279
16
1
262153
6
igraph
254
1026
1535
16
1
262153
5
0.8.0
1026
1791
16
1
262153
36
c1cf053d-d0b2-4816-88c8-2c25405edcd6
254
254
254
1026
1279
16
1
262153
6
igraph
254
1026
1
262153
10
split_type
16
1
262153
10
data.frame
1026
1
262153
12
split_labels
787
1
781
12
1
2
3
4
5
6
7
8
9
10
11
12
1026
1
262153
6
levels
16
12
262153
6
BAT1CA
262153
6
BAT2CA
262153
6
FRA1OP
262153
6
FRA2OP
262153
6
MED1CA
262153
6
MED2CA
262153
6
MED3CA
262153
6
MED4CA
262153
6
MIQ1OP
262153
6
MIQ2OP
262153
6
SEL1OP
262153
6
SEL2OP
1026
1279
16
1
262153
6
factor
254
1026
511
16
1
262153
4
Site
1026
1279
16
1
262153
10
data.frame
1026
1
262153
9
row.names
13
2
NA
-12
254
1026
511
16
12
262153
6
BAT1CA
262153
6
BAT2CA
262153
6
FRA1OP
262153
6
FRA2OP
262153
6
MED1CA
262153
6
MED2CA
262153
6
MED3CA
262153
6
MED4CA
262153
6
MIQ1OP
262153
6
MIQ2OP
262153
6
SEL1OP
262153
6
SEL2OP
254
