32 114 3
32 115 1
32 119 2
31 1 1
32 114 2
31 125 2
32 187 1
32 203 1
31 23 1
32 105 3
31 106 1
31 114 1
8 29 1
31 115 1
21 47 1
32 115 1
4 11 1
24 11 3
8 32 1
32 125 4
4 106 2
4 114 5
8 114 4
24 172 1
21 174 1
24 175 2
32 187 1
24 184 2
4 186 1
4 188 1
4 11 1
24 11 4
32 194 1
4 47 2
4 106 2
4 112 1
4 114 5
8 114 4
32 202 1
8 115 3
32 225 2
4 119 1
8 119 1
32 250 1
24 172 1
4 181 1
24 181 1
31 105 3
24 184 1
24 185 1
24 189 1
4 191 1
32 105 1
31 115 1
4 197 2
31 126 2
4 11 1
24 11 4
32 187 2
24 61 1
4 105 1
4 106 1
32 245 1
4 109 1
4 112 1
4 114 1
8 114 1
31 246 1
8 115 1
32 246 1
8 187 1
31 248 1
8 194 1
4 202 1
4 11 1
24 11 3
4 13 4
13 47 2
4 52 1
4 104 1
4 105 2
4 106 1
4 114 2
8 125 1
4 242 1
24 243 1
24 11 1
4 52 3
4 105 5
8 105 2
13 105 1
4 106 3
4 125 3
13 125 2
4 126 1
8 126 1
4 207 3
24 242 1
1 32 1
1 193 1
1 105 1
41 11 1
30 13 4
30 45 1
30 52 1
30 32 1
30 180 2
30 182 1
30 192 1
30 45 1
30 106 1
30 192 2
30 250 1
