32 185 1
32 186 1
32 185 1
32 114 1
32 187 1
22 13 1
31 105 1
32 106 1
32 114 1
31 115 1
32 187 3
32 194 1
22 249 3
31 126 1
38 126 2
31 247 1
31 105 1
38 105 1
38 106 1
38 126 6
31 247 1
64 172 1
7 13 1
64 13 1
5 14 1
5 52 1
5 176 1
7 176 1
64 176 3
7 184 1
64 184 2
5 185 1
64 231 1
5 11 2
64 11 2
64 13 2
64 23 1
24 79 1
4 106 3
7 106 2
5 112 1
4 114 5
7 114 3
8 125 2
7 187 1
6 192 1
7 193 2
4 196 1
7 202 2
6 206 2
4 207 2
6 254 1
24 13 3
64 13 1
18 23 2
7 47 1
7 56 1
7 106 2
24 106 1
64 106 1
4 114 1
6 114 1
7 126 2
6 177 1
7 177 1
7 193 2
4 196 2
7 196 1
4 201 1
4 13 1
24 13 1
6 14 2
6 16 1
4 52 2
5 105 2
6 105 1
4 106 2
6 106 2
7 106 1
4 114 1
7 114 1
5 125 1
6 125 1
23 126 1
6 177 1
6 185 2
5 187 1
7 187 1
24 196 1
6 204 1
7 205 1
7 207 3
4 223 1
4 52 4
6 61 1
4 105 2
6 105 5
23 105 1
4 106 1
7 106 1
7 109 1
7 125 1
6 177 2
23 187 1
7 207 1
6 229 1
4 52 1
6 103 1
4 105 2
6 105 3
4 106 2
6 106 2
7 106 1
4 126 2
7 126 1
6 248 1
41 11 1
