32 185 1
32 23 1
32 114 1
32 185 3
32 187 1
32 205 1
31 26 1
22 105 1
22 106 2
32 185 1
22 198 1
22 243 1
22 13 1
31 26 1
22 105 1
22 106 1
22 126 1
22 198 1
22 52 1
22 106 1
22 198 1
22 217 1
22 253 1
5 11 1
5 106 1
64 177 1
5 182 1
5 185 1
7 186 1
5 199 1
5 11 2
24 11 1
5 13 2
6 13 2
24 13 5
64 13 2
6 14 1
18 23 3
6 35 1
24 56 1
5 105 1
5 106 1
5 114 1
5 185 2
5 200 2
5 202 2
6 11 1
24 56 1
6 105 5
6 106 1
7 106 2
6 126 1
6 175 3
6 177 1
6 207 1
6 231 2
6 246 1
6 35 1
6 37 1
26 56 1
5 105 1
6 105 1
6 126 1
24 177 1
6 11 1
6 105 3
6 126 1
