plants insects weight
22 104 1
31 104 2
4 104 1
5 104 2
7 104 3
22 105 1
32 105 1
38 105 1
4 105 9
5 105 1
6 105 4
7 105 2
22 106 1
4 106 3
5 106 1
6 106 4
7 106 3
7 109 1
24 11 1
4 11 1
4 114 2
7 114 3
5 11 1
32 115 2
4 115 3
22 126 2
31 126 2
38 126 3
4 126 4
24 13 3
4 13 2
5 13 2
64 13 1
7 13 1
22 16 1
64 172 1
32 185 4
5 185 2
7 185 3
32 187 1
6 187 1
7 187 1
7 188 1
22 198 1
5 204 1
6 204 2
18 205 1
5 205 1
4 207 3
7 207 2
18 23 1
4 241 1
32 246 1
22 253 1
31 26 1
6 26 1
7 47 1
22 52 2
4 52 3
24 56 1
22 76 1
